0 1.85 37.921 13.049 60.414
1 1.85 36.515 12.467 60.533
2 1.60 35.741 12.474 59.572
3 1.75 36.178 11.973 61.716
4 1.85 38.651 11.728 58.392
5 1.60 39.106 12.452 57.491
6 1.75 40.330 12.629 59.904
7 1.85 38.950 12.042 59.856
8 1.75 37.954 10.606 58.134
9 1.85 37.395 9.621 59.077
10 1.85 37.623 10.242 56.756
11 1.85 36.831 8.936 56.932
12 1.85 36.220 9.075 58.305
13 1.85 36.789 11.349 56.106
14 1.60 37.248 12.000 55.169
15 1.75 35.627 11.634 56.686
16 1.85 34.724 12.643 56.171
17 1.85 33.523 12.787 57.092
18 1.85 32.290 13.217 56.309
19 1.85 32.034 12.178 55.228
20 1.85 31.083 13.364 57.209
21 1.85 35.378 14.003 55.974
22 1.60 35.164 14.647 54.955
23 1.75 36.210 14.419 56.924
24 1.85 36.869 15.723 56.850
25 1.85 37.531 16.085 58.171
26 1.85 36.578 16.337 59.342
27 1.85 37.417 16.792 60.520
28 1.85 35.509 17.389 59.003
29 1.85 37.865 15.930 55.731
30 1.60 37.863 16.979 55.080
31 1.75 38.723 14.948 55.506
32 1.85 39.713 15.066 54.449
33 1.85 40.634 13.890 54.497
34 1.85 39.080 15.228 53.044
35 1.60 39.591 15.975 52.209
36 1.75 37.962 14.549 52.795
37 1.85 37.266 14.632 51.508
38 1.85 36.183 13.559 51.415
39 1.85 36.783 12.161 51.426
40 1.85 35.677 11.137 51.410
41 1.85 37.708 11.980 50.243
42 1.85 36.631 16.001 51.319
43 1.60 36.760 16.623 50.256
44 1.75 35.967 16.475 52.368
45 1.85 35.336 17.774 52.332
46 1.85 34.598 18.052 53.623
47 1.85 33.313 17.295 53.680
48 1.85 32.606 17.537 54.982
49 1.75 31.286 16.925 54.982
50 1.85 30.426 17.022 55.986
51 1.75 29.229 16.452 55.906
52 1.75 30.787 17.653 57.091
53 1.85 36.330 18.864 52.024
54 1.60 36.023 19.770 51.272
55 1.75 37.545 18.755 52.534
56 1.85 38.540 19.770 52.224
57 1.85 39.828 19.566 53.017
58 1.85 39.654 19.846 54.516
59 1.85 40.971 19.950 55.296
60 1.60 42.043 19.538 54.775
61 1.60 40.911 20.460 56.440
62 1.85 38.843 19.746 50.753
63 1.60 39.164 20.766 50.172
64 1.75 38.748 18.570 50.156
65 1.85 39.000 18.429 48.738
66 1.85 39.161 16.968 48.375
67 1.85 40.528 16.372 48.679
68 1.85 40.523 14.923 48.197
69 1.85 41.850 14.189 48.377
70 1.75 41.718 12.751 47.914
71 1.85 37.838 19.022 47.964
72 1.60 38.032 19.649 46.923
73 1.75 36.628 18.818 48.478
74 1.85 35.432 19.360 47.845
75 1.85 34.143 18.838 48.514
76 1.85 32.960 19.637 48.066
77 1.85 33.906 17.373 48.151
78 1.85 32.697 16.768 48.843
79 1.85 35.475 20.889 47.904
80 1.60 35.258 21.553 46.889
81 1.75 35.835 21.443 49.061
82 1.85 35.906 22.893 49.237
83 1.85 36.193 23.262 50.693
84 1.60 35.159 22.784 51.550
85 1.85 36.927 23.530 48.327
86 1.60 36.714 24.641 47.852
87 1.75 38.027 22.823 48.070
88 1.85 39.088 23.327 47.183
89 1.85 40.344 22.489 47.313
90 1.85 38.611 23.291 45.737
91 1.60 38.929 24.191 44.950
92 1.75 37.895 22.222 45.390
93 1.85 37.352 22.052 44.056
94 1.85 36.735 20.661 43.922
95 1.85 36.235 20.184 42.564
96 1.85 36.203 18.698 42.587
97 1.85 34.849 20.745 42.262
98 1.85 36.320 23.143 43.771
99 1.60 36.371 23.779 42.720
100 1.75 35.434 23.405 44.729
101 1.85 34.409 24.431 44.562
102 1.85 33.437 24.441 45.729
103 1.85 32.533 23.240 45.713
104 1.60 32.462 22.597 44.652
105 1.60 31.886 22.934 46.732
106 1.85 34.976 25.800 44.330
107 1.60 34.362 26.607 43.637
108 1.75 36.165 26.032 44.890
109 1.85 36.921 27.281 44.751
110 1.85 38.110 27.317 45.716
111 1.85 37.947 28.327 46.812
112 1.85 39.193 28.515 47.626
113 1.60 39.440 27.710 48.555
114 1.60 39.911 29.488 47.339
115 1.85 37.448 27.428 43.329
116 1.60 37.575 28.548 42.817
117 1.75 37.827 26.306 42.720
118 1.85 38.287 26.317 41.344
119 1.85 38.933 24.995 40.989
120 1.85 40.235 24.744 41.709
121 1.85 40.783 23.369 41.352
122 1.85 41.906 22.932 42.287
123 1.75 43.153 23.741 42.085
124 1.85 37.101 26.598 40.412
125 1.60 37.255 27.315 39.438
126 1.75 35.923 26.044 40.718
127 1.85 34.706 26.274 39.918
128 1.85 33.493 25.523 40.467
129 1.85 33.448 24.028 40.189
130 1.85 32.264 23.387 40.856
131 1.85 33.358 23.841 38.711
132 1.85 34.372 27.745 39.887
133 1.60 34.052 28.264 38.840
134 1.75 34.449 28.420 41.031
135 1.85 34.169 29.855 41.087
136 1.85 34.345 30.432 42.499
137 1.85 33.411 30.108 43.660
138 1.85 33.762 31.039 44.792
139 1.85 31.963 30.297 43.259
140 1.85 35.063 30.651 40.164
141 1.60 34.608 31.602 39.549
142 1.75 36.343 30.306 40.100
143 1.85 37.281 31.019 39.242
144 1.85 38.688 30.521 39.499
145 1.85 36.918 30.877 37.762
146 1.60 36.916 31.856 37.027
147 1.75 36.568 29.667 37.337
148 1.85 36.177 29.384 35.951
149 1.85 36.052 27.871 35.748
150 1.85 37.336 27.060 35.870
151 1.85 37.042 25.596 35.663
152 1.85 38.314 27.548 34.840
153 1.85 34.862 30.053 35.534
154 1.60 34.704 30.435 34.372
155 1.75 33.910 30.161 36.464
156 1.85 32.601 30.789 36.214
157 1.85 31.657 30.540 37.388
158 1.85 31.202 29.108 37.675
159 1.85 30.419 29.039 38.994
160 1.85 30.357 28.638 36.502
161 1.85 32.754 32.283 36.014
162 1.60 32.057 32.895 35.207
163 1.75 33.668 32.875 36.767
164 1.85 33.932 34.309 36.663
165 1.85 34.751 34.788 37.865
166 1.85 34.687 34.575 35.370
167 1.60 34.415 35.529 34.643
168 1.75 35.652 33.722 35.081
169 1.85 36.406 33.881 33.872
170 1.85 37.492 32.838 33.789
171 1.85 38.444 33.086 32.651
172 1.85 39.427 31.948 32.460
173 1.60 40.094 31.923 31.400
174 1.60 39.534 31.075 33.358
175 1.85 35.448 33.732 32.708
176 1.60 35.507 34.516 31.771
177 1.75 34.518 32.781 32.783
178 1.85 33.575 32.598 31.688
179 1.85 32.671 31.391 31.893
180 1.85 32.021 30.918 30.580
181 1.85 30.967 29.885 30.856
182 1.75 30.532 29.115 29.692
183 1.85 29.615 29.512 28.814
184 1.75 29.027 30.694 28.930
185 1.75 29.203 28.674 27.877
186 1.85 32.723 33.830 31.477
187 1.60 32.307 34.135 30.346
188 1.75 32.432 34.536 32.562
189 1.85 31.643 35.737 32.431
190 1.85 31.229 36.264 33.781
191 1.85 29.993 35.668 34.349
192 1.85 29.556 36.605 35.450
193 1.75 28.275 36.261 36.039
194 1.85 27.727 36.930 37.045
195 1.75 28.357 37.969 37.558
196 1.75 26.566 36.541 37.552
197 1.85 32.453 36.790 31.696
198 1.60 31.912 37.524 30.873
199 1.75 33.748 36.858 31.985
200 1.85 34.625 37.827 31.321
201 1.85 36.075 37.642 31.760
202 1.85 36.466 38.250 33.092
203 1.85 37.896 37.861 33.493
204 1.60 38.802 37.902 32.616
205 1.60 38.115 37.492 34.677
206 1.85 34.559 37.623 29.805
207 1.60 34.397 38.577 29.041
208 1.75 34.715 36.368 29.390
209 1.85 34.679 36.008 27.990
210 1.85 34.942 34.519 27.818
211 1.85 36.353 34.038 28.143
212 1.85 36.439 32.512 28.040
213 1.85 37.325 34.691 27.201
214 1.85 33.332 36.377 27.401
215 1.60 33.270 36.837 26.267
216 1.75 32.252 36.199 28.158
217 1.85 30.929 36.547 27.642
218 1.85 29.846 36.136 28.617
219 1.85 30.844 38.050 27.366
220 1.60 30.133 38.487 26.456
221 1.75 31.540 38.840 28.182
222 1.85 31.569 40.291 28.024
223 1.85 32.314 40.960 29.165
224 1.85 32.663 42.383 28.792
225 1.85 31.457 40.956 30.395
226 1.85 32.296 40.629 26.740
227 1.60 31.855 41.480 25.982
228 1.75 33.439 39.986 26.531
229 1.85 34.234 40.181 25.329
230 1.85 35.427 39.234 25.327
231 1.85 36.496 39.585 26.331
232 1.85 37.178 40.896 26.007
233 1.60 38.077 40.903 25.132
234 1.60 36.809 41.921 26.624
235 1.85 33.349 39.889 24.133
236 1.60 33.236 40.705 23.229
237 1.75 32.692 38.738 24.142
238 1.85 31.802 38.380 23.055
239 1.85 31.183 36.979 23.256
240 1.85 30.212 36.647 22.122
241 1.85 32.289 35.934 23.324
242 1.85 30.709 39.435 22.984
243 1.60 30.127 39.652 21.927
244 1.75 30.446 40.098 24.106
245 1.85 29.439 41.143 24.145
246 1.85 29.902 42.344 23.350
247 1.60 29.122 42.937 22.617
248 1.75 31.175 42.700 23.491
249 1.85 31.759 43.823 22.760
250 1.85 33.179 44.088 23.249
251 1.85 33.226 44.610 24.661
252 1.85 34.631 44.543 25.240
253 1.85 34.644 45.035 26.701
254 1.75 35.961 44.855 27.409
255 1.85 31.769 43.545 21.252
256 1.60 31.394 44.403 20.461
257 1.75 32.182 42.340 20.863
258 1.85 32.225 41.928 19.456
259 1.85 32.767 40.511 19.333
260 1.85 30.866 42.020 18.765
261 1.60 30.784 42.455 17.619
262 1.75 29.803 41.588 19.436
263 1.85 28.467 41.648 18.849
264 1.85 27.468 40.833 19.668
265 1.85 27.741 39.351 19.645
266 1.85 26.712 38.572 20.427
267 1.85 27.040 37.091 20.394
268 1.75 26.093 36.313 21.200
269 1.85 28.006 43.085 18.774
270 1.60 27.113 43.416 18.021
271 1.75 28.621 43.941 19.570
272 1.85 28.265 45.344 19.575
273 1.85 28.915 46.043 20.779
274 1.85 28.421 47.417 21.249
275 1.85 27.003 47.306 21.821
276 1.85 29.385 47.970 22.305
277 1.85 28.746 45.966 18.262
278 1.60 27.939 46.438 17.464
279 1.75 30.052 45.898 18.012
280 1.85 30.652 46.468 16.804
281 1.85 32.177 46.377 16.860
282 1.85 32.829 46.567 18.232
283 1.85 34.338 46.412 18.096
284 1.85 32.451 47.917 18.847
285 1.85 30.163 45.735 15.577
286 1.60 29.686 46.353 14.632
287 1.75 30.273 44.414 15.604
288 1.85 29.829 43.595 14.492
289 1.85 30.241 42.140 14.710
290 1.60 31.646 42.035 14.886
291 1.85 28.317 43.706 14.388
292 1.60 27.726 43.341 13.372
293 1.75 27.705 44.229 15.450
294 1.85 26.258 44.425 15.531
295 1.85 25.802 45.570 14.607
296 1.85 26.217 46.937 15.075
297 1.85 25.727 47.731 16.059
298 1.75 27.271 47.631 14.516
299 1.85 27.412 48.789 15.131
300 1.75 26.489 48.875 16.072
301 1.85 25.445 43.148 15.300
302 1.60 24.532 43.113 14.471
303 1.75 25.795 42.102 16.043
304 1.85 25.111 40.814 15.966
305 1.85 26.124 39.663 16.015
306 1.85 27.263 39.771 15.028
307 1.85 28.241 38.606 15.170
308 1.75 29.240 38.598 14.097
309 1.85 30.093 37.601 13.850
310 1.75 30.956 37.699 12.843
311 1.75 30.096 36.507 14.604
312 1.85 24.219 40.728 17.201
313 1.60 24.456 41.417 18.201
314 1.75 23.154 39.917 17.138
315 1.85 22.638 39.169 15.988
316 1.85 22.262 39.779 18.292
317 1.85 21.045 39.095 17.678
318 1.85 21.652 38.228 16.641
319 1.85 22.933 38.897 19.365
320 1.60 23.742 38.016 19.034
321 1.75 22.597 39.142 20.637
322 1.85 23.156 38.391 21.766
323 1.85 22.647 38.931 23.137
324 1.85 22.998 37.967 24.272
325 1.85 23.263 40.274 23.427
326 1.85 22.848 36.905 21.699
327 1.60 23.749 36.078 21.756
328 1.75 21.570 36.564 21.610
329 1.85 21.182 35.165 21.572
330 1.85 19.734 35.012 22.019
331 1.85 19.414 33.647 22.599
332 1.85 19.736 33.546 24.090
333 1.75 19.585 32.170 24.566
334 1.85 18.422 31.538 24.694
335 1.75 17.286 32.164 24.409
336 1.75 18.399 30.243 24.999
337 1.85 21.413 34.472 20.216
338 1.60 21.028 34.974 19.147
339 1.75 22.020 33.292 20.287
340 1.85 22.330 32.488 19.120
341 1.85 23.830 32.597 18.812
342 1.85 24.262 31.816 17.559
343 1.60 24.171 30.561 17.508
344 1.60 24.732 32.490 16.614
345 1.85 21.967 31.087 19.553
346 1.60 22.817 30.332 20.006
347 1.75 20.695 30.747 19.425
348 1.85 20.234 29.436 19.823
349 1.85 18.741 29.278 19.614
350 1.85 18.277 27.941 20.152
351 1.85 18.004 30.359 20.389
352 1.85 16.485 30.189 20.362
353 1.85 20.950 28.309 19.115
354 1.60 21.037 27.214 19.653
355 1.75 21.480 28.562 17.923
356 1.85 22.195 27.509 17.201
357 1.85 22.288 27.812 15.704
358 1.85 20.956 27.574 14.981
359 1.60 20.521 28.475 14.233
360 1.60 20.327 26.502 15.181
361 1.85 23.557 27.169 17.802
362 1.60 23.920 26.001 17.882
363 1.75 24.292 28.175 18.260
364 1.85 25.575 27.922 18.897
365 1.85 26.275 29.238 19.186
366 1.85 27.305 29.190 20.275
367 1.85 28.543 28.410 19.931
368 1.75 29.560 28.652 20.959
369 1.85 30.568 27.830 21.256
370 1.75 31.431 28.145 22.219
371 1.75 30.729 26.697 20.586
372 1.85 25.312 27.153 20.197
373 1.60 25.995 26.180 20.509
374 1.75 24.275 27.549 20.922
375 1.85 23.931 26.888 22.163
376 1.85 22.776 27.603 22.832
377 1.85 23.067 29.059 23.074
378 1.85 21.910 29.803 23.724
379 1.60 22.035 31.032 23.867
380 1.60 20.884 29.179 24.098
381 1.85 23.594 25.416 21.977
382 1.60 23.862 24.611 22.858
383 1.75 23.011 25.054 20.840
384 1.85 22.667 23.661 20.591
385 1.85 21.738 23.517 19.381
386 1.85 20.329 24.092 19.603
387 1.85 19.416 24.069 18.330
388 1.75 18.120 24.727 18.578
389 1.85 17.136 24.872 17.685
390 1.75 16.013 25.492 18.039
391 1.75 17.257 24.390 16.453
392 1.85 23.907 22.823 20.377
393 1.60 24.005 21.734 20.916
394 1.75 24.873 23.343 19.628
395 1.85 26.103 22.600 19.334
396 1.85 26.860 23.237 18.168
397 1.85 25.988 23.406 16.925
398 1.60 25.057 22.574 16.722
399 1.60 26.225 24.385 16.164
400 1.85 27.028 22.500 20.520
401 1.60 27.778 21.540 20.662
402 1.75 26.999 23.542 21.334
403 1.85 27.807 23.650 22.538
404 1.85 27.660 25.094 23.039
405 1.85 28.133 25.762 24.316
406 1.85 27.759 27.225 24.213
407 1.85 27.461 25.134 25.523
408 1.85 27.297 22.611 23.549
409 1.60 28.073 21.809 24.069
410 1.75 25.984 22.571 23.756
411 1.85 25.403 21.636 24.685
412 1.85 23.940 21.953 24.915
413 1.85 23.661 22.902 26.079
414 1.85 22.229 23.436 25.962
415 1.85 23.883 22.181 27.422
416 1.85 25.571 20.210 24.226
417 1.60 25.887 19.337 25.031
418 1.75 25.347 19.954 22.946
419 1.85 25.515 18.605 22.415
420 1.85 25.164 18.564 20.930
421 1.85 23.681 18.344 20.652
422 1.85 23.320 18.436 19.164
423 1.60 24.245 18.573 18.312
424 1.60 22.097 18.375 18.863
425 1.85 26.938 18.082 22.618
426 1.60 27.123 16.922 22.996
427 1.75 27.929 18.944 22.380
428 1.85 29.334 18.587 22.550
429 1.85 30.228 19.719 22.063
430 1.85 31.718 19.522 22.355
431 1.85 32.504 20.758 21.947
432 1.75 33.948 20.708 22.199
433 1.85 34.542 21.238 23.266
434 1.75 33.827 21.841 24.221
435 1.75 35.869 21.281 23.309
436 1.85 29.668 18.253 24.006
437 1.60 30.413 17.307 24.276
438 1.75 29.143 19.047 24.938
439 1.85 29.366 18.813 26.366
440 1.85 28.866 19.991 27.188
441 1.85 29.708 21.236 26.924
442 1.85 29.070 22.397 27.626
443 1.85 31.165 21.030 27.376
444 1.85 28.686 17.539 26.820
445 1.60 29.216 16.817 27.653
446 1.75 27.506 17.252 26.281
447 1.85 26.805 16.020 26.644
448 1.85 25.379 16.005 26.077
449 1.85 24.779 14.628 26.181
450 1.85 24.526 17.013 26.839
451 1.85 23.170 17.186 26.272
452 1.85 27.614 14.795 26.174
453 1.60 27.651 13.784 26.867
454 1.75 28.256 14.908 25.006
455 1.85 29.119 13.858 24.447
456 1.85 29.562 14.192 22.999
457 1.60 28.422 14.127 22.146
458 1.85 30.616 13.204 22.491
459 1.85 30.362 13.699 25.318
460 1.60 30.691 12.592 25.730
461 1.75 31.069 14.796 25.578
462 1.85 32.248 14.735 26.428
463 1.85 32.888 16.111 26.527
464 1.85 33.493 16.630 25.234
465 1.85 33.801 18.120 25.317
466 1.85 34.739 15.829 24.962
467 1.85 31.885 14.219 27.823
468 1.60 32.620 13.438 28.410
469 1.75 30.710 14.603 28.309
470 1.85 30.254 14.203 29.628
471 1.85 30.005 12.726 29.841
472 1.60 30.187 12.217 30.949
473 1.75 29.590 12.022 28.797
474 1.85 29.334 10.594 28.931
475 1.85 28.645 10.027 27.681
476 1.85 29.423 10.122 26.388
477 1.85 28.601 9.568 25.211
478 1.85 29.251 9.861 23.833
479 1.75 30.570 9.184 23.558
480 1.85 30.628 9.859 29.255
481 1.60 30.626 8.889 30.007
482 1.75 31.734 10.362 28.726
483 1.85 33.045 9.789 28.998
484 1.85 34.109 10.503 28.169
485 1.85 33.383 9.926 30.489
486 1.60 34.113 9.089 31.041
487 1.75 32.890 11.012 31.111
488 1.85 33.098 11.321 32.535
489 1.85 33.046 12.820 32.789
490 1.85 34.236 13.583 32.289
491 1.85 34.339 14.553 31.352
492 1.75 35.496 13.450 32.839
493 1.85 36.318 14.311 32.267
494 1.75 35.640 14.992 31.360
495 1.85 32.024 10.701 33.393
496 1.60 32.059 10.811 34.605
497 1.75 31.039 10.090 32.756
498 1.85 29.926 9.438 33.443
499 1.85 30.427 8.337 34.395
500 1.85 31.132 7.214 33.676
501 1.85 32.336 6.632 33.894
502 1.75 30.643 6.665 32.508
503 1.85 31.521 5.794 32.027
504 1.75 32.555 5.757 32.851
505 1.85 28.966 10.429 34.092
506 1.60 28.310 10.158 35.105
507 1.75 28.875 11.579 33.437
508 1.85 27.997 12.651 33.831
509 1.85 28.689 13.998 33.629
510 1.85 29.829 14.425 34.545
511 1.85 30.398 15.750 34.035
512 1.85 29.336 14.560 35.987
513 1.85 26.856 12.521 32.836
514 1.60 27.097 12.468 31.631
515 1.75 25.629 12.469 33.334
516 1.85 24.463 12.336 32.466
517 1.85 23.291 11.743 33.239
518 1.85 22.919 12.580 34.436
519 1.60 21.760 13.062 34.503
520 1.60 23.803 12.762 35.306
521 1.85 24.008 13.638 31.824
522 1.60 24.177 14.727 32.390
523 1.75 23.348 13.489 30.677
524 1.85 22.822 14.598 29.897
525 1.85 22.145 14.077 28.639
526 1.85 21.862 15.513 30.647
527 1.60 21.821 16.706 30.377
528 1.75 21.077 14.972 31.574
529 1.85 20.117 15.799 32.309
530 1.85 19.183 14.938 33.165
531 1.85 18.110 15.733 33.855
532 1.85 17.801 15.863 35.174
533 1.75 17.206 16.524 33.174
534 1.85 16.386 17.110 34.036
535 1.75 16.728 16.723 35.255
536 1.85 20.763 16.866 33.180
537 1.60 20.375 18.032 33.169
538 1.75 21.704 16.425 33.990
539 1.85 22.433 17.291 34.885
540 1.85 23.314 16.422 35.766
541 1.85 24.307 17.153 36.636
542 1.85 23.916 18.232 37.443
543 1.85 24.829 18.837 38.298
544 1.85 25.635 16.709 36.712
545 1.85 26.537 17.294 37.559
546 1.85 26.132 18.349 38.350
547 1.60 27.056 18.873 39.216
548 1.85 23.263 18.284 34.082
549 1.60 23.292 19.454 34.407
550 1.75 23.924 17.832 33.025
551 1.85 24.730 18.747 32.201
552 1.85 25.555 17.981 31.104
553 1.85 26.256 18.970 30.172
554 1.85 26.565 17.028 31.749
555 1.85 27.185 16.045 30.756
556 1.85 23.863 19.819 31.512
557 1.60 24.231 20.999 31.458
558 1.75 22.720 19.404 30.979
559 1.85 21.824 20.324 30.310
560 1.85 20.583 19.606 29.769
561 1.60 20.991 18.571 28.881
562 1.85 19.690 20.572 29.011
563 1.85 21.368 21.378 31.295
564 1.60 21.517 22.561 31.035
565 1.75 20.848 20.952 32.440
566 1.85 20.366 21.889 33.449
567 1.85 19.761 21.147 34.618
568 1.85 18.377 20.636 34.376
569 1.85 17.836 20.068 35.669
570 1.75 18.693 18.982 36.137
571 1.85 18.690 18.497 37.374
572 1.75 17.864 19.000 38.296
573 1.75 19.501 17.486 37.672
574 1.85 21.413 22.852 33.980
575 1.60 21.143 24.034 34.130
576 1.75 22.607 22.354 34.270
577 1.85 23.652 23.199 34.793
578 1.85 24.802 22.343 35.315
579 1.85 25.831 23.026 36.208
580 1.85 25.159 23.717 37.363
581 1.85 26.757 21.985 36.741
582 1.85 24.140 24.195 33.754
583 1.60 24.242 25.381 34.042
584 1.75 24.363 23.740 32.520
585 1.85 24.859 24.635 31.483
586 1.85 25.632 23.876 30.405
587 1.85 27.059 23.591 30.805
588 1.85 27.391 22.421 31.478
589 1.85 28.072 24.510 30.534
590 1.85 28.704 22.171 31.883
591 1.85 29.387 24.265 30.940
592 1.85 29.700 23.087 31.608
593 1.85 23.862 25.613 30.928
594 1.60 24.240 26.691 30.508
595 1.75 22.584 25.279 30.979
596 1.85 21.557 26.215 30.528
597 1.85 20.178 25.573 30.575
598 1.85 19.754 24.868 29.305
599 1.85 18.403 24.190 29.468
600 1.60 17.766 24.278 30.531
601 1.75 17.971 23.477 28.433
602 1.85 21.543 27.440 31.449
603 1.60 21.223 28.550 31.023
604 1.75 21.872 27.217 32.722
605 1.85 21.904 28.265 33.735
606 1.85 22.018 27.632 35.115
607 1.85 21.492 28.360 36.359
608 1.85 21.958 27.583 37.597
609 1.85 21.956 29.818 36.443
610 1.85 23.104 29.167 33.493
611 1.60 23.006 30.395 33.624
612 1.75 24.242 28.547 33.174
613 1.85 25.489 29.267 32.890
614 1.85 26.661 28.257 32.751
615 1.85 27.938 28.959 32.358
616 1.85 26.815 27.491 34.074
617 1.85 27.809 26.371 34.057
618 1.85 25.329 30.111 31.613
619 1.60 25.807 31.245 31.517
620 1.75 24.628 29.550 30.638
621 1.85 24.378 30.245 29.394
622 1.85 23.851 29.277 28.357
623 1.85 23.237 30.032 27.187
624 1.85 24.980 28.343 27.935
625 1.85 24.505 27.268 27.009
626 1.85 23.360 31.342 29.661
627 1.60 23.492 32.451 29.144
628 1.75 22.353 31.030 30.473
629 1.85 21.327 31.992 30.842
630 1.85 20.354 31.370 31.844
631 1.85 19.356 32.367 32.423
632 1.85 18.415 31.784 33.483
633 1.60 17.999 30.606 33.381
634 1.60 18.056 32.538 34.411
635 1.85 22.006 33.214 31.453
636 1.60 21.742 34.351 31.071
637 1.75 22.922 32.982 32.382
638 1.85 23.628 34.079 33.010
639 1.85 24.495 33.571 34.137
640 1.85 25.360 34.641 34.688
641 1.60 24.841 35.504 35.399
642 1.60 26.559 34.672 34.372
643 1.85 24.490 34.805 31.991
644 1.60 24.669 36.024 32.064
645 1.75 25.039 34.046 31.053
646 1.85 25.880 34.592 30.003
647 1.85 26.485 33.446 29.189
648 1.60 27.444 33.933 28.269
649 1.85 25.110 35.570 29.085
650 1.60 25.652 36.604 28.691
651 1.75 23.862 35.257 28.744
652 1.85 23.046 36.137 27.908
653 1.85 21.778 35.420 27.442
654 1.85 20.797 36.396 26.841
655 1.85 22.154 34.348 26.420
656 1.85 22.682 37.380 28.711
657 1.60 22.721 38.486 28.185
658 1.75 22.369 37.195 29.995
659 1.85 22.039 38.298 30.897
660 1.85 21.732 37.780 32.300
661 1.85 20.364 37.173 32.630
662 1.85 20.286 36.793 34.115
663 1.85 19.269 38.159 32.290
664 1.85 23.217 39.250 30.978
665 1.60 23.056 40.466 30.933
666 1.75 24.409 38.687 31.099
667 1.85 25.634 39.475 31.174
668 1.85 26.831 38.539 31.331
669 1.60 26.674 37.791 32.531
670 1.85 28.113 39.294 31.405
671 1.85 25.841 40.350 29.927
672 1.60 26.193 41.526 30.031
673 1.75 25.604 39.779 28.745
674 1.85 25.795 40.493 27.481
675 1.85 25.831 39.503 26.327
676 1.85 27.106 38.690 26.286
677 1.85 27.020 37.558 25.295
678 1.60 27.317 37.726 24.122
679 1.75 26.596 36.398 25.756
680 1.85 24.763 41.575 27.219
681 1.60 25.100 42.657 26.755
682 1.75 23.506 41.271 27.505
683 1.85 22.437 42.234 27.321
684 1.85 21.091 41.582 27.506
685 1.85 20.652 40.936 26.242
686 1.85 19.592 39.905 26.456
687 1.60 19.271 39.147 25.540
688 1.75 19.033 39.853 27.666
689 1.85 22.565 43.432 28.229
690 1.60 22.011 44.489 27.952
691 1.75 23.303 43.274 29.315
692 1.85 23.517 44.387 30.214
693 1.85 24.020 43.893 31.550
694 1.85 24.551 45.301 29.551
695 1.60 24.373 46.511 29.479
696 1.75 25.598 44.699 29.003
697 1.85 26.654 45.447 28.350
698 1.85 27.687 44.488 27.775
699 1.85 28.841 45.188 27.064
700 1.85 29.767 45.808 28.109
701 1.85 29.593 44.198 26.184
702 1.85 26.073 46.271 27.221
703 1.60 26.442 47.424 27.016
704 1.75 25.173 45.663 26.476
705 1.85 24.566 46.355 25.370
706 1.85 23.726 45.393 24.530
707 1.85 24.374 44.080 24.065
708 1.85 23.596 43.568 22.859
709 1.85 25.854 44.273 23.709
710 1.85 23.727 47.536 25.831
711 1.60 23.824 48.605 25.266
712 1.75 22.937 47.368 26.880
713 1.85 22.097 48.457 27.358
714 1.85 21.060 47.917 28.329
715 1.85 20.124 46.931 27.665
716 1.85 19.223 46.205 28.635
717 1.60 18.378 45.413 28.222
718 1.75 19.391 46.466 29.927
719 1.85 22.868 49.606 27.982
720 1.60 22.285 50.614 28.383
721 1.75 24.182 49.442 28.074
722 1.85 25.051 50.465 28.636
723 1.85 26.111 49.827 29.535
724 1.85 25.532 49.124 30.738
725 1.85 24.382 49.909 31.341
726 1.60 23.224 49.461 31.330
727 1.75 24.688 51.111 31.846
728 1.85 25.731 51.227 27.517
729 1.60 26.628 52.040 27.751
730 1.75 25.312 50.931 26.296
731 1.85 25.859 51.554 25.108
732 1.85 27.011 50.703 24.558
733 1.85 28.144 50.536 25.516
734 1.85 29.056 51.424 25.985
735 1.75 28.426 49.338 26.139
736 1.85 29.459 49.494 26.947
737 1.75 29.861 50.750 26.872
738 1.85 24.729 51.673 24.089
739 1.60 23.723 52.342 24.428
740 1.60 24.840 51.073 22.991
741 1.75 35.887 37.516 14.799
742 1.85 35.191 38.733 14.328
743 1.85 36.496 37.722 16.129
744 1.85 36.307 39.224 16.355
745 1.85 35.010 39.522 15.604
746 1.85 35.750 36.875 17.186
747 1.60 36.300 36.486 18.221
748 1.75 34.496 36.572 16.867
749 1.85 33.645 35.777 17.709
750 1.85 32.256 35.717 17.112
751 1.85 31.219 35.812 18.205
752 1.85 31.176 37.239 18.691
753 1.85 29.885 35.388 17.681
754 1.85 34.189 34.370 17.819
755 1.60 34.233 33.802 18.895
756 1.75 34.635 33.817 16.705
757 1.85 35.163 32.460 16.701
758 1.85 35.525 32.014 15.287
759 1.85 34.343 31.882 14.326
760 1.85 34.843 31.304 13.012
761 1.85 33.241 30.998 14.937
762 1.85 36.363 32.269 17.600
763 1.60 36.577 31.186 18.149
764 1.75 37.167 33.308 17.738
765 1.85 38.328 33.191 18.591
766 1.85 39.207 34.423 18.447
767 1.85 37.875 33.004 20.048
768 1.60 38.351 32.104 20.748
769 1.75 36.927 33.833 20.482
770 1.85 36.418 33.771 21.844
771 1.85 35.588 35.008 22.150
772 1.85 36.466 36.255 22.229
773 1.85 35.611 37.496 22.179
774 1.85 37.293 36.208 23.482
775 1.85 35.626 32.509 22.123
776 1.60 35.758 31.915 23.180
777 1.75 34.833 32.077 21.159
778 1.85 34.051 30.874 21.329
779 1.85 33.139 30.651 20.125
780 1.85 32.086 31.710 20.008
781 1.85 30.960 31.281 19.130
782 1.75 29.851 32.218 19.235
783 1.85 28.732 32.138 18.523
784 1.75 27.766 33.033 18.688
785 1.75 28.580 31.182 17.621
786 1.85 34.953 29.670 21.543
787 1.60 34.601 28.746 22.282
788 1.75 36.139 29.710 20.950
789 1.85 37.082 28.616 21.078
790 1.85 38.195 28.752 20.035
791 1.85 38.785 27.412 19.598
792 1.85 39.249 27.403 18.137
793 1.60 38.379 27.356 17.226
794 1.60 40.487 27.400 17.911
795 1.85 37.656 28.579 22.485
796 1.60 38.038 27.519 22.968
797 1.75 37.739 29.735 23.131
798 1.85 38.238 29.805 24.497
799 1.85 38.615 31.243 24.864
800 1.85 39.662 31.886 23.959
801 1.85 39.963 33.344 24.357
802 1.85 40.701 34.109 23.223
803 1.75 41.125 35.530 23.549
804 1.85 37.126 29.305 25.433
805 1.60 37.376 28.538 26.368
806 1.75 35.894 29.727 25.163
807 1.85 34.742 29.317 25.952
808 1.85 33.469 29.966 25.404
809 1.85 32.222 29.189 25.820
810 1.85 33.417 31.418 25.852
811 1.85 32.246 32.162 25.275
812 1.85 34.602 27.793 25.970
813 1.60 34.442 27.202 27.036
814 1.75 34.694 27.161 24.801
815 1.85 34.581 25.712 24.702
816 1.85 34.585 25.285 23.248
817 1.60 33.416 25.767 22.620
818 1.85 35.654 24.964 25.479
819 1.60 35.414 23.853 25.973
820 1.75 36.830 25.574 25.586
821 1.85 37.940 24.984 26.323
822 1.85 39.233 25.695 25.995
823 1.85 37.649 25.114 27.804
824 1.60 37.866 24.183 28.571
825 1.75 37.131 26.275 28.192
826 1.85 36.778 26.543 29.582
827 1.85 36.323 27.987 29.723
828 1.85 36.046 28.488 31.135
829 1.85 36.309 29.970 31.163
830 1.85 34.613 28.183 31.564
831 1.85 35.687 25.591 30.059
832 1.60 35.771 25.023 31.145
833 1.75 34.682 25.398 29.222
834 1.85 33.580 24.516 29.540
835 1.85 32.515 24.578 28.452
836 1.85 31.812 25.911 28.420
837 1.60 32.185 26.778 29.234
838 1.60 30.890 26.110 27.603
839 1.85 34.040 23.108 29.755
840 1.60 33.541 22.425 30.637
841 1.75 35.030 22.677 28.987
842 1.85 35.571 21.329 29.139
843 1.85 36.585 21.050 28.047
844 1.85 36.186 19.966 27.108
845 1.85 37.321 19.619 26.173
846 1.60 37.615 20.440 25.273
847 1.60 37.940 18.549 26.377
848 1.85 36.244 21.173 30.498
849 1.60 36.241 20.087 31.072
850 1.75 36.871 22.251 30.968
851 1.85 37.533 22.296 32.267
852 1.85 38.349 23.584 32.409
853 1.85 39.751 23.481 31.865
854 1.85 40.523 24.774 32.066
855 1.85 40.351 25.729 30.878
856 1.75 41.087 27.043 31.042
857 1.85 36.490 22.212 33.386
858 1.60 36.716 21.517 34.372
859 1.75 35.361 22.914 33.220
860 1.85 34.256 22.909 34.186
861 1.85 33.111 23.809 33.724
862 1.85 33.078 25.294 34.054
863 1.85 31.835 25.923 33.473
864 1.85 33.086 25.460 35.547
865 1.85 33.706 21.503 34.256
866 1.60 33.454 20.960 35.327
867 1.75 33.497 20.922 33.085
868 1.85 32.979 19.580 32.989
869 1.85 32.912 19.207 31.528
870 1.85 31.897 18.174 31.135
871 1.85 30.525 18.675 31.495
872 1.85 32.019 17.969 29.644
873 1.85 33.858 18.593 33.757
874 1.60 33.351 17.753 34.484
875 1.75 35.174 18.701 33.595
876 1.85 36.131 17.834 34.293
877 1.85 37.536 18.179 33.873
878 1.85 36.012 17.960 35.814
879 1.60 36.065 16.964 36.545
880 1.75 35.899 19.194 36.289
881 1.85 35.754 19.458 37.716
882 1.85 35.784 20.947 37.962
883 1.85 37.158 21.551 37.781
884 1.85 37.044 23.056 37.920
885 1.85 38.094 20.951 38.821
886 1.85 34.458 18.887 38.242
887 1.60 34.413 18.388 39.352
888 1.75 33.396 18.995 37.452
889 1.85 32.090 18.467 37.826
890 1.85 31.028 18.866 36.786
891 1.85 30.649 20.345 36.582
892 1.85 29.581 20.434 35.509
893 1.85 30.120 20.950 37.867
894 1.85 32.126 16.948 37.971
895 1.60 31.400 16.363 38.786
896 1.75 32.938 16.308 37.137
897 1.85 33.094 14.854 37.173
898 1.85 33.861 14.375 35.948
899 1.85 33.857 14.495 38.442
900 1.60 33.468 13.598 39.190
901 1.75 34.911 15.257 38.708
902 1.85 35.748 15.059 39.879
903 1.85 36.929 16.032 39.820
904 1.85 38.161 15.595 40.608
905 1.85 39.328 16.594 40.493
906 1.60 39.656 17.048 39.355
907 1.60 39.923 16.912 41.555
908 1.85 34.944 15.227 41.185
909 1.60 35.051 14.395 42.088
910 1.75 34.097 16.256 41.260
911 1.85 33.286 16.489 42.454
912 1.85 32.566 17.833 42.379
913 1.85 32.025 18.313 43.710
914 1.85 31.128 19.528 43.514
915 1.75 30.934 20.352 44.716
916 1.85 30.063 20.110 45.699
917 1.75 29.970 20.950 46.722
918 1.75 29.308 19.021 45.687
919 1.85 32.278 15.371 42.646
920 1.60 31.875 15.075 43.771
921 1.75 31.882 14.737 41.551
922 1.85 30.935 13.640 41.623
923 1.85 30.339 13.366 40.255
924 1.85 29.127 12.497 40.332
925 1.85 28.567 12.246 38.977
926 1.75 27.347 12.994 38.716
927 1.85 26.465 12.650 37.778
928 1.75 26.672 11.571 37.020
929 1.75 25.399 13.406 37.561
930 1.85 31.635 12.400 42.167
931 1.60 31.053 11.639 42.932
932 1.75 32.893 12.212 41.788
933 1.85 33.678 11.095 42.292
934 1.85 35.061 11.059 41.642
935 1.85 35.114 10.511 40.216
936 1.85 36.530 10.608 39.589
937 1.60 36.693 11.310 38.554
938 1.60 37.481 9.989 40.135
939 1.85 33.848 11.279 43.793
940 1.60 33.758 10.322 44.548
941 1.75 34.097 12.516 44.220
942 1.85 34.273 12.840 45.643
943 1.85 34.727 14.280 45.822
944 1.85 36.177 14.519 45.426
945 1.85 36.477 15.996 45.453
946 1.85 37.099 13.773 46.357
947 1.85 33.018 12.596 46.471
948 1.60 33.099 12.188 47.626
949 1.75 31.858 12.848 45.887
950 1.85 30.598 12.607 46.577
951 1.85 29.446 13.188 45.772
952 1.85 30.393 11.098 46.807
953 1.60 29.801 10.679 47.801
954 1.75 30.858 10.282 45.871
955 1.85 30.742 8.836 46.007
956 1.85 31.114 8.113 44.686
957 1.85 31.328 6.640 44.927
958 1.85 30.006 8.274 43.694
959 1.85 31.655 8.387 47.146
960 1.60 31.241 7.634 48.018
961 1.75 32.885 8.877 47.156
962 1.85 33.800 8.524 48.217
963 1.85 35.162 9.168 47.995
964 1.85 35.948 8.562 46.828
965 1.85 35.959 7.026 46.854
966 1.60 36.303 6.427 47.910
967 1.60 35.606 6.415 45.812
968 1.85 33.226 8.948 49.545
969 1.60 33.248 8.186 50.498
970 1.75 32.682 10.158 49.599
971 1.85 32.075 10.689 50.822
972 1.85 31.568 12.157 50.619
973 1.85 30.603 12.546 51.711
974 1.85 32.738 13.139 50.612
975 1.85 30.921 9.787 51.245
976 1.60 30.726 9.547 52.432
977 1.75 30.169 9.275 50.273
978 1.85 29.056 8.389 50.576
979 1.85 29.537 7.098 51.228
980 1.60 28.919 6.581 52.176
981 1.75 30.646 6.570 50.713
982 1.85 31.251 5.345 51.234
983 1.85 32.532 5.015 50.459
984 1.85 32.309 4.685 48.996
985 1.85 33.605 4.316 48.288
986 1.85 33.301 3.851 46.865
987 1.75 34.502 3.445 46.076
988 1.85 31.598 5.556 52.697
989 1.60 31.245 4.749 53.554
990 1.75 32.271 6.672 52.961
991 1.85 32.703 7.061 54.298
992 1.85 33.515 8.347 54.227
993 1.85 31.533 7.229 55.258
994 1.60 31.698 7.105 56.467
995 1.75 30.363 7.561 54.725
996 1.85 29.185 7.732 55.554
997 1.85 28.124 8.566 54.845
998 1.85 28.504 10.027 54.765
999 1.85 27.438 10.857 54.109
1000 1.85 27.866 12.302 54.048
1001 1.75 27.112 12.980 52.957
1002 1.85 28.622 6.391 55.954
1003 1.60 28.026 6.266 57.019
1004 1.75 28.815 5.383 55.108
1005 1.85 28.318 4.046 55.416
1006 1.85 28.391 3.122 54.192
1007 1.85 27.529 3.472 52.970
1008 1.85 27.821 2.477 51.858
1009 1.85 26.033 3.477 53.308
1010 1.85 29.096 3.447 56.590
1011 1.60 28.504 2.798 57.459
1012 1.75 30.410 3.676 56.610
1013 1.85 31.288 3.192 57.680
1014 1.85 32.754 3.478 57.361
1015 1.85 33.352 3.081 56.014
1016 1.85 34.823 3.479 55.980
1017 1.85 33.190 1.601 55.801
1018 1.85 30.980 3.908 58.982
1019 1.60 30.854 3.286 60.020
1020 1.75 30.889 5.226 58.909
1021 1.85 30.625 6.064 60.058
1022 1.85 31.014 7.494 59.705
1023 1.60 32.267 7.505 59.033
1024 1.85 29.174 6.025 60.520
1025 1.60 28.838 6.570 61.570
1026 1.75 28.315 5.372 59.740
1027 1.85 26.881 5.265 60.050
1028 1.85 26.653 4.562 61.395
1029 1.85 27.379 3.269 61.530
1030 1.85 28.579 2.969 62.085
1031 1.75 26.915 2.097 60.975
1032 1.85 27.796 1.137 61.177
1033 1.75 28.814 1.639 61.848
1034 1.85 26.158 6.607 60.050
1035 1.60 25.188 6.791 60.782
1036 1.75 26.613 7.540 59.219
1037 1.85 25.986 8.857 59.133
1038 1.85 27.033 9.952 58.964
1039 1.85 28.132 9.915 59.963
1040 1.85 29.069 11.056 59.707
1041 1.75 30.398 10.803 60.247
1042 1.85 31.309 11.746 60.492
1043 1.75 32.504 11.404 60.979
1044 1.75 31.029 13.032 60.275
1045 1.85 25.053 8.901 57.930
1046 1.60 25.239 8.153 56.968
1047 1.75 24.015 9.748 57.983
1048 1.85 23.538 10.510 59.141
1049 1.85 23.070 9.873 56.867
1050 1.85 21.894 10.637 57.488
1051 1.85 22.046 10.422 58.944
1052 1.85 23.708 10.694 55.718
1053 1.60 24.655 11.467 55.915
1054 1.75 23.165 10.534 54.520
1055 1.85 23.672 11.242 53.353
1056 1.85 22.921 10.802 52.079
1057 1.85 23.229 11.754 50.912
1058 1.85 23.309 9.396 51.743
1059 1.85 23.595 12.761 53.474
1060 1.60 24.582 13.461 53.325
1061 1.75 22.400 13.261 53.724
1062 1.85 22.182 14.688 53.806
1063 1.85 20.693 14.969 53.663
1064 1.85 20.393 16.388 53.380
1065 1.85 20.005 16.515 51.955
1066 1.75 20.306 17.842 51.483
1067 1.85 19.403 18.663 50.961
1068 1.75 18.171 18.250 50.710
1069 1.75 19.750 19.901 50.651
1070 1.85 22.725 15.333 55.068
1071 1.60 22.595 14.790 56.155
1072 1.75 23.337 16.498 54.910
1073 1.85 23.885 17.246 56.035
1074 1.85 25.384 16.973 56.193
1075 1.85 25.951 17.512 57.496
1076 1.60 25.202 18.040 58.337
1077 1.60 27.171 17.432 57.687
1078 1.85 23.634 18.720 55.759
1079 1.60 24.456 19.387 55.144
1080 1.75 22.513 19.225 56.249
1081 1.85 22.150 20.618 56.041
1082 1.85 20.778 20.925 56.654
1083 1.85 20.432 22.388 56.481
1084 1.85 19.718 20.076 55.973
1085 1.85 19.742 20.214 54.487
1086 1.85 23.159 21.633 56.569
1087 1.60 23.412 22.653 55.929
1088 1.75 23.747 21.349 57.722
1089 1.85 24.710 22.265 58.323
1090 1.85 25.245 21.708 59.653
1091 1.85 24.250 21.862 60.814
1092 1.60 23.013 21.807 60.598
1093 1.60 24.715 22.039 61.965
1094 1.85 25.859 22.539 57.378
1095 1.60 26.201 23.695 57.112
1096 1.75 26.445 21.464 56.869
1097 1.85 27.556 21.535 55.936
1098 1.85 28.034 20.113 55.624
1099 1.85 28.924 19.964 54.422
1100 1.85 30.252 20.703 54.512
1101 1.75 30.964 20.552 53.235
1102 1.85 32.133 21.106 52.936
1103 1.75 32.754 21.869 53.824
1104 1.75 32.689 20.877 51.755
1105 1.85 27.181 22.330 54.663
1106 1.60 27.920 23.218 54.244
1107 1.75 26.007 22.072 54.096
1108 1.85 25.563 22.782 52.904
1109 1.85 24.234 22.224 52.440
1110 1.85 24.315 20.833 51.899
1111 1.85 22.967 20.286 51.535
1112 1.60 22.011 21.064 51.373
1113 1.60 22.849 19.063 51.406
1114 1.85 25.395 24.268 53.196
1115 1.60 25.694 25.100 52.353
1116 1.75 24.914 24.600 54.387
1117 1.85 24.707 25.986 54.778
1118 1.85 24.000 26.035 56.144
1119 1.85 24.105 27.343 56.975
1120 1.85 23.140 28.445 56.505
1121 1.75 22.957 29.515 57.500
1122 1.85 22.477 30.734 57.227
1123 1.75 22.345 31.640 58.197
1124 1.75 22.156 31.063 55.980
1125 1.85 26.045 26.683 54.841
1126 1.60 26.226 27.764 54.275
1127 1.75 27.003 26.049 55.491
1128 1.85 28.324 26.646 55.623
1129 1.85 29.175 25.850 56.638
1130 1.85 28.612 25.916 58.079
1131 1.60 27.977 26.932 58.448
1132 1.60 28.817 24.950 58.855
1133 1.85 29.041 26.776 54.272
1134 1.60 29.528 27.844 53.913
1135 1.75 29.075 25.687 53.524
1136 1.85 29.699 25.628 52.206
1137 1.85 29.368 24.246 51.608
1138 1.85 29.455 23.631 50.214
1139 1.85 29.016 22.191 50.372
1140 1.85 28.549 24.302 49.207
1141 1.85 29.192 26.763 51.309
1142 1.60 29.973 27.467 50.652
1143 1.75 27.892 27.006 51.354
1144 1.85 27.317 28.019 50.506
1145 1.85 25.803 27.855 50.414
1146 1.85 25.129 28.215 49.078
1147 1.85 25.823 27.586 47.884
1148 1.85 23.708 27.734 49.124
1149 1.85 27.704 29.385 50.974
1150 1.60 27.976 30.264 50.153
1151 1.75 27.763 29.591 52.281
1152 1.85 28.165 30.906 52.757
1153 1.85 28.036 31.007 54.255
1154 1.85 26.649 31.341 54.731
1155 1.85 26.596 31.506 56.246
1156 1.60 27.673 31.727 56.871
1157 1.60 25.479 31.398 56.806
1158 1.85 29.599 31.213 52.366
1159 1.60 29.947 32.340 52.031
1160 1.75 30.448 30.201 52.432
1161 1.85 31.839 30.375 52.082
1162 1.85 32.585 29.075 52.350
1163 1.85 34.057 29.100 52.048
1164 1.85 34.615 27.705 52.212
1165 1.75 36.007 27.591 51.799
1166 1.85 36.402 27.019 50.667
1167 1.75 37.698 26.948 50.377
1168 1.75 35.496 26.562 49.803
1169 1.85 31.926 30.740 50.607
1170 1.60 32.638 31.673 50.245
1171 1.75 31.183 30.017 49.761
1172 1.85 31.184 30.263 48.310
1173 1.85 30.396 29.180 47.592
1174 1.85 30.996 27.774 47.656
1175 1.85 30.065 26.817 46.965
1176 1.85 32.367 27.749 47.028
1177 1.85 30.665 31.642 47.925
1178 1.60 31.183 32.281 47.009
1179 1.75 29.654 32.115 48.637
1180 1.85 29.106 33.432 48.380
1181 1.85 27.759 33.600 49.085
1182 1.85 27.356 35.059 49.129
1183 1.85 26.719 32.784 48.339
1184 1.85 25.468 32.688 49.054
1185 1.85 30.103 34.532 48.761
1186 1.60 30.225 35.526 48.035
1187 1.75 30.850 34.337 49.857
1188 1.85 31.881 35.290 50.312
1189 1.85 32.451 34.869 51.643
1190 1.60 31.370 34.671 52.556
1191 1.85 33.381 35.937 52.175
1192 1.85 33.042 35.361 49.330
1193 1.60 33.500 36.434 48.980
1194 1.75 33.557 34.205 48.932
1195 1.85 34.638 34.156 47.949
1196 1.85 35.210 32.735 47.852
1197 1.85 35.956 32.156 49.060
1198 1.85 36.167 30.688 48.821
1199 1.85 37.275 32.878 49.296
1200 1.85 34.146 34.619 46.560
1201 1.60 34.889 35.254 45.814
1202 1.75 32.909 34.274 46.207
1203 1.85 32.371 34.672 44.922
1204 1.85 32.362 36.175 44.783
1205 1.60 32.612 36.704 43.714
1206 1.75 32.110 36.869 45.883
1207 1.85 32.067 38.332 45.905
1208 1.85 31.802 38.826 47.336
1209 1.85 30.852 40.009 47.439
1210 1.85 30.267 40.161 48.859
1211 1.85 29.285 39.037 49.240
1212 1.75 28.080 38.928 48.333
1213 1.85 33.352 38.947 45.353
1214 1.60 33.303 39.907 44.582
1215 1.75 34.497 38.373 45.713
1216 1.85 35.779 38.857 45.223
1217 1.85 36.892 38.074 45.873
1218 1.85 35.883 38.778 43.678
1219 1.60 36.510 39.634 43.046
1220 1.75 35.226 37.785 43.071
1221 1.85 35.228 37.613 41.609
1222 1.85 35.080 36.154 41.219
1223 1.85 36.034 35.238 41.891
1224 1.85 35.860 34.381 42.924
1225 1.75 37.334 35.072 41.463
1226 1.85 37.915 34.144 42.199
1227 1.75 37.041 33.710 43.093
1228 1.85 34.054 38.312 40.962
1229 1.60 33.783 38.102 39.789
1230 1.75 33.289 39.040 41.759
1231 1.85 32.126 39.760 41.275
1232 1.85 32.529 40.723 40.163
1233 1.85 33.665 41.614 40.567
1234 1.85 33.686 42.721 41.344
1235 1.75 34.981 41.285 40.327
1236 1.85 35.769 42.145 40.947
1237 1.75 35.009 43.027 41.573
1238 1.85 30.963 38.863 40.879
1239 1.60 30.051 39.295 40.188
1240 1.75 30.974 37.630 41.375
1241 1.85 29.891 36.697 41.119
1242 1.85 30.362 35.253 41.279
1243 1.85 31.174 34.698 40.108
1244 1.85 31.758 33.349 40.495
1245 1.85 30.283 34.567 38.878
1246 1.85 28.849 37.011 42.169
1247 1.60 29.169 37.117 43.345
1248 1.75 27.605 37.183 41.751
1249 1.85 26.560 37.497 42.703
1250 1.85 25.451 38.337 42.053
1251 1.85 24.952 37.758 40.754
1252 1.60 25.584 38.009 39.711
1253 1.60 23.903 37.083 40.773
1254 1.85 26.007 36.284 43.450
1255 1.60 26.007 35.166 42.929
1256 1.75 25.533 36.534 44.673
1257 1.85 24.994 35.525 45.579
1258 1.85 24.533 36.185 46.864
1259 1.85 23.893 34.644 45.029
1260 1.60 23.916 33.442 45.259
1261 1.75 22.898 35.229 44.359
1262 1.85 21.807 34.428 43.780
1263 1.85 20.620 35.297 43.430
1264 1.85 19.849 35.731 44.620
1265 1.85 19.024 35.044 45.440
1266 1.75 19.969 36.994 45.173
1267 1.85 19.259 37.054 46.279
1268 1.75 18.674 35.888 46.464
1269 1.85 22.219 33.540 42.601
1270 1.60 21.656 32.465 42.407
1271 1.75 23.202 33.991 41.827
1272 1.85 23.722 33.213 40.712
1273 1.85 24.733 34.031 39.919
1274 1.85 25.393 33.233 38.834
1275 1.85 26.748 33.405 38.546
1276 1.85 27.357 32.700 37.518
1277 1.85 24.656 32.333 38.058
1278 1.85 25.259 31.615 37.014
1279 1.85 26.607 31.812 36.747
1280 1.60 27.212 31.127 35.709
1281 1.85 24.429 32.001 41.323
1282 1.60 24.204 30.871 40.902
1283 1.75 25.295 32.250 42.308
1284 1.85 26.022 31.193 43.010
1285 1.85 27.005 31.806 44.029
1286 1.85 27.582 30.728 44.954
1287 1.85 28.111 32.548 43.286
1288 1.85 29.022 33.338 44.176
1289 1.85 25.070 30.200 43.706
1290 1.60 25.273 28.984 43.641
1291 1.75 24.016 30.702 44.340
1292 1.85 23.064 29.825 44.991
1293 1.85 22.091 30.642 45.862
1294 1.60 22.851 31.450 46.758
1295 1.85 21.208 29.734 46.693
1296 1.85 22.317 28.921 43.994
1297 1.60 22.238 27.711 44.209
1298 1.75 21.815 29.481 42.888
1299 1.85 21.087 28.699 41.875
1300 1.85 20.664 29.578 40.692
1301 1.85 19.668 30.655 41.035
1302 1.85 19.269 31.481 39.835
1303 1.75 18.514 30.694 38.861
1304 1.85 18.250 31.105 37.625
1305 1.75 18.670 32.291 37.227
1306 1.75 17.590 30.319 36.783
1307 1.85 21.946 27.601 41.301
1308 1.60 21.470 26.536 40.953
1309 1.75 23.209 27.927 41.113
1310 1.85 24.182 27.023 40.539
1311 1.85 25.384 27.833 40.105
1312 1.85 26.388 27.276 39.129
1313 1.85 25.710 26.799 37.884
1314 1.85 27.265 28.434 38.793
1315 1.85 24.608 25.923 41.491
1316 1.60 24.604 24.762 41.115
1317 1.75 24.964 26.266 42.726
1318 1.85 25.393 25.235 43.655
1319 1.85 26.261 25.782 44.750
1320 1.85 27.656 25.829 44.356
1321 1.85 28.465 24.742 44.588
1322 1.85 28.134 26.898 43.613
1323 1.85 29.763 24.710 44.075
1324 1.85 29.426 26.888 43.094
1325 1.85 30.247 25.780 43.325
1326 1.85 24.309 24.365 44.175
1327 1.60 24.561 23.256 44.608
1328 1.75 23.087 24.847 44.040
1329 1.85 21.891 24.123 44.428
1330 1.85 20.736 25.067 44.207
1331 1.85 19.515 24.822 44.987
1332 1.85 18.661 26.070 45.012
1333 1.60 18.658 26.803 46.008
1334 1.75 17.993 26.365 43.890
1335 1.85 21.764 22.887 43.507
1336 1.60 21.360 21.821 43.944
1337 1.75 22.095 23.045 42.225
1338 1.85 22.056 21.942 41.256
1339 1.85 22.229 22.467 39.823
1340 1.85 21.070 23.295 39.281
1341 1.85 21.362 23.859 37.919
1342 1.85 19.864 22.413 39.235
1343 1.85 23.183 20.957 41.548
1344 1.60 22.973 19.745 41.559
1345 1.75 24.377 21.504 41.756
1346 1.85 25.578 20.738 42.054
1347 1.85 26.772 21.689 42.177
1348 1.85 27.994 20.947 42.611
1349 1.85 26.988 22.394 40.833
1350 1.85 28.070 23.412 40.837
1351 1.85 25.423 19.883 43.321
1352 1.60 25.743 18.690 43.326
1353 1.75 24.905 20.481 44.385
1354 1.85 24.679 19.769 45.643
1355 1.85 24.320 20.751 46.760
1356 1.85 23.888 20.006 48.001
1357 1.85 25.513 21.643 47.063
1358 1.85 25.177 22.794 47.979
1359 1.85 23.555 18.739 45.510
1360 1.60 23.630 17.649 46.065
1361 1.75 22.503 19.099 44.790
1362 1.85 21.371 18.210 44.584
1363 1.85 20.343 18.893 43.701
1364 1.85 19.129 18.061 43.316
1365 1.85 18.313 18.747 42.214
1366 1.60 17.947 19.944 42.378
1367 1.60 18.072 18.104 41.163
1368 1.85 21.866 16.961 43.905
1369 1.60 21.551 15.859 44.317
1370 1.75 22.691 17.139 42.887
1371 1.85 23.233 16.010 42.154
1372 1.85 24.065 16.481 40.970
1373 1.85 24.689 15.329 40.215
1374 1.60 23.936 14.663 39.495
1375 1.60 25.908 15.079 40.349
1376 1.85 24.084 15.105 43.022
1377 1.60 23.950 13.884 42.956
1378 1.75 24.978 15.693 43.817
1379 1.85 25.835 14.887 44.670
1380 1.85 27.019 15.696 45.214
1381 1.60 26.710 16.347 46.424
1382 1.85 25.028 14.218 45.779
1383 1.60 25.400 13.136 46.239
1384 1.75 23.918 14.828 46.196
1385 1.85 23.080 14.201 47.208
1386 1.85 22.014 15.146 47.742
1387 1.85 20.987 14.362 48.516
1388 1.85 22.647 16.158 48.653
1389 1.85 22.420 12.952 46.606
1390 1.60 22.471 11.866 47.194
1391 1.75 21.872 13.090 45.398
1392 1.85 21.231 11.970 44.715
1393 1.85 20.537 12.423 43.445
1394 1.85 19.486 13.503 43.676
1395 1.85 18.542 13.526 42.499
1396 1.85 18.710 13.251 44.965
1397 1.85 22.207 10.868 44.380
1398 1.60 21.858 9.702 44.446
1399 1.75 23.418 11.224 43.980
1400 1.85 24.432 10.228 43.670
1401 1.85 25.709 10.916 43.248
1402 1.60 25.502 11.492 41.957
1403 1.85 26.870 9.948 43.224
1404 1.85 24.718 9.348 44.882
1405 1.60 24.898 8.132 44.766
1406 1.75 24.780 9.979 46.044
1407 1.85 25.031 9.267 47.272
1408 1.85 25.326 10.245 48.383
1409 1.85 26.714 10.768 48.355
1410 1.85 26.888 11.866 49.351
1411 1.60 27.257 11.634 50.491
1412 1.75 26.582 13.078 48.941
1413 1.85 23.832 8.423 47.644
1414 1.60 23.987 7.306 48.140
1415 1.75 22.634 8.953 47.425
1416 1.85 21.421 8.212 47.737
1417 1.85 20.201 9.096 47.596
1418 1.85 20.133 10.113 48.679
1419 1.85 18.797 10.792 48.737
1420 1.60 18.027 10.769 47.764
1421 1.75 18.496 11.403 49.886
1422 1.85 21.266 6.986 46.869
1423 1.60 20.624 6.021 47.265
1424 1.75 21.853 7.029 45.680
1425 1.85 21.801 5.914 44.749
1426 1.85 22.322 6.348 43.395
1427 1.85 22.646 4.779 45.305
1428 1.60 22.287 3.611 45.186
1429 1.75 23.768 5.132 45.917
1430 1.85 24.668 4.152 46.508
1431 1.85 26.062 4.756 46.681
1432 1.85 26.647 5.266 45.350
1433 1.85 27.889 6.115 45.599
1434 1.85 26.956 4.097 44.404
1435 1.85 24.122 3.605 47.826
1436 1.60 24.361 2.451 48.153
1437 1.75 23.387 4.427 48.570
1438 1.85 22.771 4.005 49.833
1439 1.85 22.148 5.201 50.543
1440 1.85 21.474 4.929 51.889
1441 1.85 22.536 4.852 52.986
1442 1.85 20.480 6.035 52.187
1443 1.85 21.661 2.979 49.560
1444 1.60 21.579 1.956 50.230
1445 1.75 20.789 3.302 48.607
1446 1.85 19.679 2.447 48.187
1447 1.85 18.931 3.112 47.026
1448 1.85 17.946 2.217 46.274
1449 1.85 16.626 2.018 47.011
1450 1.60 16.529 2.265 48.216
1451 1.75 15.599 1.567 46.283
1452 1.85 20.205 1.085 47.742
1453 1.60 19.687 0.056 48.149
1454 1.75 21.224 1.092 46.892
1455 1.85 21.839 -0.133 46.413
1456 1.85 23.065 0.206 45.557
1457 1.85 23.997 -0.981 45.276
1458 1.85 25.374 -0.569 44.753
1459 1.60 25.491 0.225 43.809
1460 1.75 26.426 -1.121 45.358
1461 1.85 22.282 -0.918 47.636
1462 1.60 21.895 -2.063 47.847
1463 1.75 23.089 -0.264 48.450
1464 1.85 23.621 -0.829 49.669
1465 1.85 24.318 0.284 50.451
1466 1.85 24.624 -0.043 51.877
1467 1.85 25.638 -0.745 52.434
1468 1.75 23.876 0.449 52.926
1469 1.85 24.425 0.074 54.065
1470 1.75 25.495 -0.649 53.797
1471 1.85 22.512 -1.453 50.496
1472 1.60 22.590 -2.625 50.850
1473 1.75 21.462 -0.675 50.745
1474 1.85 20.321 -1.111 51.546
1475 1.85 19.333 0.041 51.762
1476 1.85 19.702 1.236 52.652
1477 1.85 18.544 2.216 52.650
1478 1.85 20.004 0.784 54.067
1479 1.85 19.578 -2.314 50.985
1480 1.60 18.975 -3.079 51.724
1481 1.75 19.578 -2.462 49.674
1482 1.85 18.899 -3.594 49.086
1483 1.85 18.542 -3.308 47.633
1484 1.85 17.529 -2.178 47.495
1485 1.60 17.378 -1.595 46.414
1486 1.75 16.830 -1.858 48.592
1487 1.85 19.782 -4.812 49.204
1488 1.60 19.294 -5.915 49.358
1489 1.75 21.088 -4.605 49.176
1490 1.85 22.016 -5.709 49.281
1491 1.85 23.382 -5.274 48.774
1492 1.85 23.351 -5.009 47.300
1493 1.85 24.690 -4.618 46.721
1494 1.85 24.543 -4.405 45.203
1495 1.75 25.830 -4.134 44.482
1496 1.85 22.101 -6.305 50.681
1497 1.60 21.965 -7.508 50.851
1498 1.75 22.284 -5.468 51.692
1499 1.85 22.392 -5.950 53.070
1500 1.85 22.988 -4.880 53.993
1501 1.85 24.385 -4.527 53.539
1502 1.85 22.066 -3.654 54.038
1503 1.85 22.438 -2.626 55.078
1504 1.85 21.053 -6.362 53.682
1505 1.60 21.016 -6.986 54.751
1506 1.75 19.964 -6.009 53.009
1507 1.85 18.618 -6.304 53.494
1508 1.85 17.865 -4.973 53.645
1509 1.85 16.751 -5.029 54.674
1510 1.60 16.117 -4.006 54.956
1511 1.75 16.505 -6.203 55.246
1512 1.85 17.847 -7.282 52.574
1513 1.60 18.307 -8.442 52.412
1514 1.60 16.774 -6.903 52.039
