0.0003987793211
0.0004329196924
0.0003498247492
0.0003786388432
0.0003270129006
0.0003316108895
0.0003150960424
0.0003281226808
0.0002936589953
0.0003355445981
0.0002895467991
0.0003276511073
0.0003145279248
0.0003241826859
0.0003176363381
0.0003265306149
0.0002815582879
0.0002950167716
0.0002757406441
0.0002579126192
0.0003450599707
0.0002765429191
0.0004187098408
0.0003729919989
0.0003738085234
0.0004511043495
0.0002940410213
0.0003914081836
0.0002866548248
0.0003103527816
0.000328671114
0.0002920386175
0.0003546491871
0.000312903482
0.0003702669533
0.0003370562037
0.0004410046877
0.0003980143678
0.0005442499379
0.0005311717196
0.0005905016173
0.0006682521433
0.0004871302445
0.0005966341906
0.0004442673373
0.0004505867763
0.0004326495248
0.000414360477
0.000388991579
0.0004201373129
0.0003496814212
0.0004073138386
0.0003746160456
0.0004073928924
0.0004199508256
0.0004437459823
0.0003882758364
0.000450733361
0.0003054558974
0.0003772973013
0.0002552726241
0.0003151213972
0.0002382661091
0.0003079363237
0.000228777794
0.0003207230864
0.0002338838351
0.0003002500373
0.0002689928998
0.0002711086852
0.0003061691415
0.0002681328324
0.0003127642455
0.0002787461314
0.0003177732988
0.0002923204867
0.0003635745877
0.0003334579206
0.0004140304618
0.0004045117278
0.0003945772851
0.0003818577627
0.0003408111913
0.0003417562296
0.0003191831891
0.0003056413715
0.000338830912
0.0003061840079
0.000361333039
0.000338421253
0.0003601803152
0.0003720870206
0.0003420195516
0.0003721209069
0.0003030600946
0.000323422493
0.0002551815386
0.0002610021899
0.0002427688277
0.0002319639101
0.0003039421123
0.0002636411064
0.0004259843576
0.0003631172542
0.0004759369586
0.0004684232223
0.0003943812796
0.0004548353832
0.0003071973384
0.0003599866965
0.0002820755426
0.0002923315804
0.0003058009752
0.000287854478
0.0003684216922
0.0003407060295
0.0004860978539
0.0004443036241
0.0006331341707
0.0005672234173
0.0006872194453
0.0006366487049
0.0005271416717
0.0005840453938
0.0004246254671
0.0004858905404
0.0004116972189
0.0004296413628
0.0004309780815
0.0004183166349
0.0004433701909
0.0004243568288
0.00045693947
0.0004272259747
0.0004672225882
0.0004288858452
0.0004407683626
0.0004314339611
0.000392594357
0.00043304093
0.0003818190414
0.0004438309067
0.0004087500941
0.00044609355
0.0004041468226
0.0004306112255
0.0003378092526
0.0003783451791
0.0002700758629
0.000305636621
0.0002398718909
0.0002446972913
0.0002475555426
0.0002178271964
0.000288898059
0.0002337738865
0.000358072692
0.0002909155891
0.0004113562273
0.0003605311147
0.0003424509042
0.0003711320826
0.0003005744217
0.0003212231742
0.0002785118873
0.0002701661002
0.0002957995195
0.0002666737397
0.0003454574292
0.0003118219565
0.00038488039
0.0003730319702
0.000356521399
0.0003787513977
0.0002835399963
0.0003170071337
0.0002393118059
0.0002660951426
0.0002536932549
0.0002667102586
0.0003236240299
0.0003092788614
0.0004108619378
0.0003613836503
0.0004510859888
0.0004035458226
0.0004179081841
0.0004271382937
0.0003441859162
0.0004069014593
0.0002996476771
0.0003454849491
0.0003218838525
0.0003187129117
0.0004115847847
0.0003660350201
0.0005173964997
0.0004629701479
0.0005681448389
0.0005103142549
0.0005689977059
0.0004991415644
0.0005378315814
0.0005049852911
0.0004908938587
0.0005274581526
0.0004397940929
0.0004959174207
0.0004018904927
0.0004130174277
0.0003853739216
0.000360466047
0.0003757777097
0.0003437938568
0.0003748085855
0.0003375110504
0.0004099171919
0.0003560425091
0.0004739089471
0.0004286176998
0.0004891620865
0.0004934450298
0.0004231781683
0.0004152300183
0.0003517333453
0.0002975098499
0.0003147382357
0.0002581437116
0.0002800686733
0.0002810553774
0.0002307656562
0.0002873541151
0.0002031460532
0.0002276692035
0.0002246716649
0.0001941881645
0.0002916840419
0.0002303785768
0.0003493986798
0.000320060158
0.000383249504
0.0004702474632
0.0002937588137
0.0003610562064
0.0002547684366
0.0002678209451
0.0002907417256
0.0002796841156
0.000358486113
0.0003604313154
0.0003822661476
0.0003983979646
0.0003437176517
0.0003595673386
0.0003040592678
0.0003300537519
0.0003020910957
0.000343178597
0.0003253940707
0.000355204642
0.0003378898137
0.0003312269861
0.0003430351322
0.000305748699
0.0003818221796
0.0003280638293
0.0004328993398
0.0004097064972
0.0004165859706
0.0004665348184
0.0003541536252
0.0004076272104
0.0003423566267
0.000340535216
0.0004019100971
0.0003464003555
0.0004518796312
0.0003969000877
0.0004345085006
0.0004037827815
0.0004244809381
0.0003784202514
0.0004836953827
0.0004050028249
0.0005300633642
0.0004883925548
0.0004635634257
0.0004995365882
0.0003640013284
0.0003982763932
0.000324290498
0.0003298152708
0.000323107408
0.000329127166
0.0003319779397
0.0003527645866
0.000375952492
0.0003710025335
0.0004500108996
0.0004090081213
0.0004207828979
0.0004278582253
0.0002768965942
0.0003136729593
0.0001927700331
0.0001915706364
0.0002200230695
0.0001723775593
0.0003105792463
0.0002655512827
0.0003107668894
0.0003951540306
0.0002233500107
0.0003202107769
0.0001961141974
0.0002137746161
0.0002705717676
0.0002265326543
0.0003854898984
0.000364027048
0.0004614517163
0.0004816738197
0.0003235544965
0.0003811251156
0.0002875841668
0.0003158825282
0.0003592889935
0.0003544303944
0.0004160035057
0.0004154258167
0.0003792118427
0.0003882282563
0.0003450814117
0.0003504078404
0.0003718481794
0.0003816331492
0.0003941342885
0.0004112002978
0.00034433189
0.0003477108156
0.000283688027
0.000271186059
0.0002873244113
0.0002651591202
0.0003641850522
0.0003344558427
0.0004586187603
0.0004213160791
0.0004590529586
0.0004528077708
0.0003778136453
0.0004064271076
0.0003256351329
0.0003418133375
0.0003347118067
0.0003087218716
0.0003612818125
0.0003223836876
0.0003604756264
0.0003530331106
0.0003612046256
0.0003682920645
0.0004124680104
0.0003791718067
0.000470614469
0.0004221368898
0.0004401396036
0.0004540282113
0.0003602303807
0.0004085367941
0.0003385094575
0.0003566718476
0.0003797844074
0.0003762824288
0.0004186803692
0.0004579333357
0.0004214004956
0.0004969053015
0.0004083828503
0.0004410454385
0.0003489629027
0.0003739720427
0.000241666889
0.0003028800844
0.0001793277035
0.0002399936041
0.0002233565057
0.0002345978791
0.0003782048524
0.0003233226127
0.0004381344712
0.0004561446982
0.0003060474007
0.0004045176011
0.0002318487916
0.0002847502904
0.0003141648165
0.000279679799
0.0004762442211
0.0003965332573
0.0003924861113
0.0003465074917
0.0003549066439
0.0003529696146
0.000372513518
0.0003853563656
0.0004076621342
0.0004059511661
0.0003772391384
0.0003634674714
0.0003439666744
0.0003205396741
0.0003852047639
0.0003633948995
0.0004299909115
0.0004541159071
0.000354717715
0.0003894271524
0.0002552059345
0.0002559086472
0.0002489036197
0.0002277600064
0.0003284575629
0.0003240041156
0.0004093856206
0.0004456941243
0.0004136102127
0.0004107035029
0.000391373763
0.000354994831
0.0003691761919
0.0003643705063
0.0003242424859
0.0003673058228
0.0002957323398
0.0003087041081
0.0003252376813
0.0002955002744
0.0003839877888
0.0003697441517
0.0004023521333
0.0004563763338
0.0003952679751
0.0004252459311
0.0004212873792
0.0003938331719
0.0004453658746
0.0004386361911
0.0004070667781
0.0004736939775
0.0003737359481
0.0003989324312
0.0004299657821
0.0003581101177
0.0005353178991
0.0004325730148
0.0005269585875
0.0005414947887
0.0004151326132
0.0004881398312
0.0003372556331
0.0003678401818
0.0003083156916
0.0003264276413
0.0003013080158
0.0003443753646
0.0003297609156
0.0003613237642
0.000399814218
0.0003615925149
0.0004266769125
0.000374715836
0.0003623130313
0.0003672303631
0.0003061872732
0.0003338702353
0.0003375219688
0.000315507024
0.0003987761205
0.0003291196292
0.0003128399079
0.0002823885532
0.0003761847405
0.0003362366822
0.0004106785859
0.0003898289102
0.0003608912878
0.0003702560748
0.0003031189428
0.0003149382571
0.0003342285741
0.0003212032855
0.0004440831992
0.0004116482606
0.0004392944489
0.0004732486141
0.0002910365182
0.0003535128579
0.0002228249764
0.0002522806516
0.000305539957
0.000284129177
0.0004713619425
0.0004475576205
0.0004656909857
0.0005216752542
0.0003419599741
0.0003781552168
0.0003255391509
0.0003069096027
0.0003811966017
0.0003589656219
0.0003613773661
0.0004108725911
0.0002969499143
0.0003341957147
0.0003281545855
0.0002956984943
0.0004530009354
0.0003736200802
0.000489937016
0.000487554388
0.0004086282736
0.0004352893564
0.0003988685817
0.0003682145216
0.0004844066481
0.0004212520996
0.0004775440889
0.0005224753141
0.000358346241
0.0004293577853
0.0003177505758
0.0002938150925
0.0004107698456
0.0002877522078
0.0004999326378
0.0003936289749
0.0004327156436
0.000457008826
0.0003391851868
0.0003778679709
0.0003377762267
0.0003144156849
0.0003734083048
0.000316973021
0.0003602670905
0.0003254054682
0.0003202466579
0.0002953850146
0.0003138709862
0.0002790399313
0.0003287631287
0.0002965953663
0.0003219783241
0.0003152300185
0.0002952081584
0.0002951244178
0.0002845902052
0.0002707000929
0.0003152753801
0.0003313907297
0.0003450027344
0.0003154911528
0.000349130897
0.0003085506058
0.0003386475556
0.0003339731167
0.00035131535
0.0004027866297
0.0004110393962
0.0004661665958
0.0004575867036
0.0004621837788
0.0004028051376
0.0004092318143
0.0003149369923
0.0003546745848
0.0003103453046
0.0003559075508
0.0004190473397
0.0004081453701
0.0005077257401
0.0004594384181
0.000431374732
0.0004301093095
0.0003327618404
0.0003644816468
0.0003444649442
0.0003631758835
0.0004141879013
0.0004147076996
0.0003947868023
0.0004309067096
0.0003158757674
0.0003621438944
0.0003167110178
0.0003119350436
0.0003960584297
0.0003208186744
0.000422181985
0.0003527051463
0.0003637712888
0.0003373952314
0.0003614937744
0.0003286881826
0.0004617497975
0.0003847610162
0.0004963611834
0.00047634979
0.0003625977196
0.0004439280508
0.0002579272015
0.0003222884887
0.0002748531193
0.0002603222088
0.0003681238967
0.0002878166424
0.0004083483836
0.0003696866601
0.0003446180631
0.0003908969934
0.000282415681
0.0003197612779
0.0002601674945
0.000248741167
0.0002565053765
0.0002288500896
0.0002600815939
0.000248268758
0.0002763790444
0.000284487418
0.0002956073546
0.0002993690715
0.0002955008704
0.0002966086938
0.0002830737164
0.0003015830382
0.0002860409877
0.0003241183087
0.0003236355792
0.0003604352584
0.0002637106743
0.0002488596856
0.0002899909998
0.0002389495572
0.0004101124582
0.0003512901957
0.0005361151345
0.000523903945
0.0005181876668
0.0005464740572
0.0004067741019
0.0004224786243
0.0003494293271
0.0003338217391
0.0003754199213
0.0003289220579
0.0004302072281
0.000379024657
0.0004326773131
0.0004104175897
0.0003821791867
0.0003688275886
0.0003574120142
0.0003328728194
0.0003870079376
0.0003637014418
0.0004389161817
0.0004463602272
0.0004505062292
0.0004839518736
0.000408850564
0.0004413944732
0.0003556182346
0.0004025582798
0.0003132907996
0.0003660190474
0.0002809173822
0.0002934296225
0.0002686913704
0.0002343687419
0.0002928813628
0.0002423639394
0.0003487616988
0.0003224103147
0.0004125123594
0.0004080476176
0.0004417910518
0.0004146678185
0.0004117306613
0.0004143046525
0.0003402153879
0.0004297733706
0.0002934748087
0.0004054879934
0.0003090831634
0.0003343427141
0.0003706912369
0.0003252694138
0.0003847770213
0.0003861383412
0.0003075317787
0.0004054315913
0.0002404453883
0.0003291530264
0.0002443273215
0.000284813051
0.000298455877
0.0003207347681
0.00032887259
0.0003740291112
0.0003118543671
0.0003475827297
0.0003143154657
0.0003258999699
0.0003638355387
0.0003835717569
0.0003852259265
0.0004497767893
0.0002658297386
0.0003068578175
0.0002096217842
0.0002091660493
0.0002898739762
0.0002424104633
0.0004522438927
0.0003638659103
0.0005043311932
0.0004175050908
0.0004165176146
0.0003588775954
0.0003335706648
0.0003182033866
0.0002984356429
0.0003031242403
0.000301680863
0.000264932761
0.0003317731661
0.0002530790041
0.0003499339947
0.0002956059789
0.0003331673434
0.0003499925364
0.0003365977677
0.000347329841
0.0004076665694
0.0003499031927
0.0004906342991
0.0004248067555
0.0004809267449
0.0004928239064
0.0004330406026
0.0004542359811
0.0004189660594
0.0004232908267
0.0003685108878
0.0004322562241
0.0002656663628
0.0003707557625
0.0002163210897
0.0002614253715
0.0002772402224
0.0002474024462
0.0004083450134
0.0003658357739
0.0004400598941
0.0005030833033
0.0003845182175
0.0004217322769
0.0004151661856
0.0003541585899
0.0005053591797
0.0004370508406
0.0004655861395
0.0005591296071
0.0003486156529
0.0004498113766
0.0003320306466
0.0003183103697
0.0004172067519
0.0003351940663
0.0004543872019
0.0004634797308
0.0003981491116
0.0005276570364
0.0003775221719
0.0004741977515
0.0004112939072
0.0004361244275
0.000396828925
0.0004124533253
0.0003501023795
0.0003628824431
0.0003878792548
0.0003688838396
0.0004829410454
0.0004613381418
0.0004274478212
0.0004731736647
0.0002413601936
0.0002841192574
0.0002385032992
0.0002669634503
0.0003161768051
0.000316323688
0.0003304311898
0.0003138557702
0.0002674673848
0.000230960043
0.0002553928809
0.0002014016965
0.0002973969285
0.0002609414671
0.000278698484
0.0003171240572
0.0002132587856
0.0002379549712
0.0002192362883
0.0001906539321
0.0003167358534
0.0002536891505
0.0003848428333
0.0003916534007
0.0003507025171
0.0003886445557
0.000344712186
0.0003170764824
0.0004268344392
0.0003439071076
0.0004671169561
0.0004348112557
0.0004186812999
0.0004143826613
0.0004158494754
0.0003621278676
0.0004537033306
0.0004086121083
0.0003915808864
0.0004916869989
0.0002972429143
0.000430168971
0.0003253425838
0.0003436464477
0.0004753065901
0.0003847427494
0.0005070959704
0.0004961569188
0.0003759998315
0.0004392072824
0.0003445235417
0.000336832696
0.0004739768792
0.000356607607
0.0005360419134
0.0004721581077
0.0003872033698
0.0004337721645
0.0002887039366
0.0003006972772
0.0003603143531
0.0002801762195
0.0005289601446
0.0003944322204
0.0005799884531
0.000532471102
0.0004933231216
0.0004941331412
0.0004092702804
0.000389435984
0.0003596220443
0.0003334207998
0.0003576278368
0.0003325488051
0.0004231863538
0.0003796987185
0.0004593843188
0.0004284255623
0.0003543301737
0.0003778487402
0.0003109264473
0.0003283597476
0.0003537600668
0.0003896835398
0.0003325714315
0.0003870619387
0.0002275696483
0.0002661625058
0.0001734988368
0.000182861758
0.0002175710079
0.0001970975818
0.0003132926296
0.0002932550689
0.0003013490325
0.0003532716375
0.0002198478553
0.000286399027
0.0002282721579
0.0002557759532
0.0003444085922
0.0003121407568
0.0004104676107
0.0003888244993
0.0003385223559
0.000353134053
0.0003012915825
0.0002990618746
0.0003628602075
0.0003209535113
0.0003949292378
0.0003724045639
0.000335831878
0.0003367828522
0.0003232989587
0.0002860830567
0.0004355767008
0.0003237100011
0.0005341199229
0.0004527199713
0.0004574722803
0.0004999326618
0.0003685363744
0.0003988584737
0.0003872223805
0.0003289774206
0.0004281442817
0.0003420670797
0.0003894102639
0.0003810723638
0.0003424675146
0.0003901992706
0.0003691198852
0.0003773389546
0.0003890256884
0.0003595596458
0.0003294964934
0.0003292350126
0.0002724845421
0.0002921795147
0.0003034412789
0.0002920111801
0.0003974961514
0.000328995423
0.0004285741205
0.0003638043226
0.0003570033891
0.0003308746135
0.0002946314815
0.0002772322738
0.0002967768898
0.0002674268687
0.00034699047
0.0003119866073
0.0003872761778
0.000369795541
0.0003634248228
0.0003639541966
0.0003138565845
0.0003223057546
0.0003898451674
0.0003416726605
0.0004243895871
0.0003907059473
0.0003318543289
0.000372331945
0.0002243702666
0.0002827150985
0.0002091784357
0.0002421351073
0.0002825689791
0.0002820735855
0.0003635973764
0.0003647640879
0.0003548398413
0.0003909836133
0.000319260818
0.0003644190926
0.0003356782853
0.0003614791874
0.0003636297603
0.0003674108002
0.0003401986326
0.0003397628623
0.0003059960871
0.0003077697513
0.000313014716
0.0003144231795
0.0003455133074
0.0003408410972
0.0003374643062
0.0003438661657
0.0002935367581
0.0003202287866
0.0002815922929
0.000303919414
0.0003318568688
0.0002976458867
0.0004032641404
0.0003081240086
0.0004035149831
0.0003282682356
0.0003282525938
0.0003152860329
0.0002743962181
0.0002699326127
0.0002955865119
0.0002479188243
0.000380964226
0.0002998569276
0.0004380276702
0.0004239523588
0.0003993990274
0.000484956214
0.0003320770541
0.0004026988731
0.0003070103808
0.0003371747229
0.0003188956137
0.0003459148716
0.0003311761884
0.0003743611021
0.0003221198482
0.0003472196536
0.0002982895951
0.0003045127565
0.0002726038038
0.0002881595012
0.0002605895111
0.0002877395709
0.0002857910229
0.0002885335738
0.0003419565101
0.0003145090322
0.0003660755909
0.0003587686053
0.0003361768526
0.0003636760412
0.000329121601
0.0003340998154
0.0003225912894
0.0003046432204
0.0003395103688
0.0002954585088
0.0003272021534
0.0003205197711
0.0002918860393
0.0003235592313
0.0002991209002
0.000304291159
0.0003564104345
0.0003192419217
0.0004031334799
0.0003777318108
0.000398507968
0.0004144598515
0.0003801716944
0.0003795635905
0.0003677755187
0.0003368332534
0.0003451139268
0.0003249979999
0.000320323908
0.0003366443046
0.0003216360352
0.0003486149124
0.0003397954732
0.0003397906967
0.0003439048569
0.0003312521693
0.0003413412529
0.0003408512608
0.0003503450091
0.0003840449345
0.0003368729117
0.0004096546935
0.000284717882
0.000339441482
0.0002439666121
0.0002440173177
0.0002460928387
0.0002056945222
0.0002594052604
0.0002232090925
0.0002485669438
0.0002542935814
0.0002529119722
0.0002610758888
0.0003330848632
0.0002741380507
0.0004653793099
0.0003470849888
0.0004960818216
0.0004514002325
0.0004193555719
0.0004805300134
0.000386106034
0.0004556995554
0.0004073263544
0.000422790225
0.0003928646398
0.0003939755773
0.0003379451845
0.000351776834
0.0003160013178
0.0003406687917
0.000334147161
0.0003807783299
0.0003360842264
0.0004132919359
0.0003190320331
0.0003686263634
0.0003314649532
0.0003251532803
0.000367666514
0.0003405246479
0.0003657901636
0.0003790096563
0.0003310146527
0.0003566323859
0.0002888501403
0.0003396206258
0.0002925029822
0.0003127064669
0.0003226407772
0.0003097074382
0.0003181187082
0.0003090810792
0.0002950908259
0.0002816575863
0.0003222712982
0.0002784549752
0.0003929431374
0.0003380826902
0.0003975196361
0.0004031602978
0.0003197903178
0.0003440157489
0.0002766997261
0.0002606270037
0.0003132295591
0.0002622659819
0.0003723888409
0.0003428999148
0.000367281232
0.000388353017
0.0003185210006
0.000322547962
0.0003148928562
0.0002823418449
0.0003785245125
0.0003252334267
0.0004481319101
0.0004150235018
0.0004179835933
0.0004325499125
0.0003032465671
0.0003531819753
0.0002163027202
0.0002691891804
0.0001963859896
0.0002195907042
0.0002289804726
0.0002119299406
0.0002720180808
0.0002469402668
0.0002803080548
0.0002890856855
0.0002765812723
0.0002774665778
0.0003157181698
0.0002511022176
0.0004128121631
0.0002870543544
0.0004963434824
0.000399023984
0.0004727283348
0.0004718998084
0.0003825526233
0.000381892055
0.0003234406255
0.0002848015527
0.0003297729536
0.0002721651159
0.0003943989656
0.0003365775427
0.0004663303294
0.0004315619236
0.0004533227175
0.0004775455178
0.0003720444279
0.0004349381875
0.000329319646
0.0003667739319
0.0003512079017
0.0003335180859
0.0003730140328
0.0003473901473
0.0003356514066
0.000360676497
0.0003904028635
0.0004568923123
0.0003465145262
0.0004504899378
0.000298548408
0.0003343863815
0.0002673183616
0.0002639411112
0.0002594796289
0.0002536883529
0.0002928739812
0.0002799890346
0.0003592872583
0.0003232904873
0.0003651206804
0.0003571892507
0.0002872345456
0.0003230924169
0.0002412236307
0.0002641185038
0.000285019556
0.0002522464356
0.0003559415899
0.0002948915711
0.0003342578918
0.0003162932528
0.0002686893016
0.0002678718039
0.0002756160283
0.0002469600039
0.0003499256526
0.0002895770737
0.0003889135429
0.0003421232915
0.0003496789271
0.00031905343
0.0003062244783
0.0002863109969
0.0002744563587
0.0002920446322
0.0002398287982
0.0002902893544
0.0002272183933
0.0002436598414
0.0002576290022
0.0002220467106
0.0002850074083
0.0002508805213
0.0002534777976
0.0002696469209
0.0002226490322
0.0002343482557
0.0002689785298
0.0002185672138
0.0003694336021
0.0002696342394
0.0003684842183
0.00032551583
0.0002654575505
0.0002685941388
0.0002176252753
0.0002027968222
0.0002606321989
0.0002079333191
0.0003520778612
0.0002740481975
0.0004222414017
0.0003437842897
0.0004500939769
0.0003937826768
0.0004338773429
0.0004510996105
0.0003740464883
0.0004543944087
0.0003248361062
0.0003595231621
0.0003330391947
0.0003034920467
0.0003807928148
0.0003490447441
0.000526979644
0.000451140517
0.0004352452959
0.000479660761
0.0002956212384
0.0003547673013
0.0002560299606
0.0002835389051
0.0002844153314
0.0002946553925
0.0003180115877
0.0003312140023
0.0003301118722
0.0003308311263
0.0003259576412
0.0003170584222
0.0003015915083
0.000309759574
0.0002679382778
0.000290522018
0.0002582362439
0.0002634153569
0.0002639188211
0.0002485521107
0.000254060452
0.0002422786431
0.0002377524663
0.0002335819738
0.000254652665
0.000239398824
0.000292579259
0.0002708343865
0.0002881996334
0.0002884664609
0.0002534353645
0.0002531969786
0.0002591713204
0.0002286169593
0.0002991003492
0.0002517718872
0.0002862810895
0.0002828820855
0.0002254573966
0.0002418445937
0.0002059976695
0.0001939550077
0.0002416297737
0.000202109757
0.0002636315324
0.0002583206082
0.0002390187343
0.0002870885362
0.0002286513717
0.0002576407013
0.0002515339625
0.0002367929159
0.0002513139227
0.0002381220618
0.0002125589835
0.0002280126436
0.0001943408457
0.0002117552515
0.0002244008794
0.0002149126323
0.00027149946
0.0002392526158
0.0003166647134
0.0002719589104
0.0003960509386
0.0003328290581
0.0004856038049
0.000440531376
0.0004445758815
0.0004856582867
0.0003246182652
0.0003729326679
0.0003010109722
0.0002867890489
0.000417614737
0.0003197574109
0.000392737381
0.0002934967483
0.0003833555334
0.0003278641251
0.0003373342107
0.000355981619
0.0003282569366
0.0003828784719
0.0003470196184
0.0003728522529
0.0003446334337
0.0003481994644
0.0003210322689
0.0003307144489
0.000304096548
0.000316819127
0.0002916177751
0.0002853657024
0.0002752008157
0.0002607290699
0.0002603781836
0.0002650596889
0.000250232155
0.0002899623401
0.0002389102787
0.0002807156533
0.0002351568611
0.0002465460333
0.0002580166566
0.0002466491413
0.0002906483489
0.0002929555042
0.0002799248141
0.0003245482755
0.0002353641347
0.0002771186532
0.0002180086814
0.0002233768767
0.0002345608859
0.0002074663256
0.0002341716084
0.0002089553288
0.0001994159684
0.0001917210886
0.0001836538413
0.0001772869695
0.0002244101691
0.0002004340484
0.0002949060551
0.0002640692787
0.0003126548568
0.0003200363884
0.0002729714845
0.0003148649442
0.0002436353304
0.0002854723301
0.000239348798
0.000269336262
0.0002389453799
0.000264810849
0.0002335824809
0.0002555281179
0.0002322550962
0.0002399182848
0.0002462717792
0.0002362376924
0.0002925747392
0.0002648746846
0.0003813384846
0.0003353778193
0.0004482397582
0.0004027831144
0.0004019099775
0.0003833355086
0.0003068212688
0.0003058759381
0.0002766125597
0.0002598837505
0.0003283005579
0.000261754209
0.0002403766896
0.0002041474806
0.0003045873228
0.0002438318181
0.0004044625142
0.0003527548025
0.000428420611
0.0004482592564
0.0003658408177
0.0003967421563
0.0003290601595
0.0003315041878
0.0003327714579
0.0003368639586
0.0003034179765
0.0003373369038
0.0002463546946
0.0002627179054
0.0002417915037
0.0002204502063
0.000305633495
0.0002736982771
0.0003477586716
0.0003886732187
0.0002972521526
0.0003695154506
0.0002496000933
0.0002725685128
0.0002793068602
0.0002584564649
0.0003418675463
0.0003234346124
0.0003302412157
0.0003488813512
0.0002577396104
0.0002785120418
0.0002095633522
0.0002206881549
0.0001889047958
0.0001938893479
0.000170650895
0.0001608187977
0.0001623849339
0.0001386442099
0.0001844120974
0.0001555308129
0.0002361422601
0.0002063396195
0.0002867456692
0.000250472218
0.0003127284189
0.0002686528717
0.0003238402621
0.0002998522345
0.0003193918418
0.0003502293576
0.0003003534304
0.0003439138254
0.0002745263083
0.0002816400208
0.0002499725605
0.000239027102
0.0002350956657
0.0002269073633
0.0002463068755
0.0002323634322
0.0002973735448
0.0002558109377
0.0003557003655
0.0003034115234
0.0003459013452
0.0003271429435
0.0002819719533
0.000279056553
0.0002394818173
0.0002243575987
0.0002287800538
0.0002049687004
0.0002265536621
0.0002020238811
0.000216667612
0.0002035613928
0.0002977321699
0.0002737593173
0.0004018713409
0.0003520116896
0.0004115687928
0.0003821375168
0.0003515367808
0.0003526217728
0.0003380456889
0.0003462973129
0.0003535627093
0.0003645197399
0.0003001197981
0.0003274291694
0.0002275617943
0.0002475253453
0.0002432066612
0.0002307775973
0.0003600881193
0.0003040508777
0.0004162211503
0.0003878425159
0.0003220260576
0.0003301947034
0.0002583862562
0.0002565047743
0.0002947849908
0.0002679332194
0.0003320364728
0.0003111229198
0.0002801807178
0.0002695315118
0.0002186802908
0.000201976755
0.0001970307142
0.0001814121897
0.0001630910699
0.0001677387721
0.0001187600002
9.495017935e-05
0.0001206319912
7.443432947e-05
0.00016915578
0.0001251653334
0.0002177854352
0.0001874504694
0.0002255408034
0.0002038494748
0.0002425021054
0.0001995695713
0.0003212140151
0.0002509656747
0.0003777906661
0.0003574065777
0.0003118227944
0.0003425155452
0.0002254996796
0.000230228554
0.0002055944395
0.0001857286602
0.0002232399878
0.0002101348464
0.0002359071953
0.0002407248276
0.0002483669606
0.0002262523664
0.0002763727223
0.0002274453986
0.0002804286926
0.000263711972
0.0002359633517
0.0002778351033
0.0001925860097
0.0002242917883
0.0001782217706
0.0001744659975
0.0001857061349
0.0001691550998
0.0002587537528
0.0002172465114
0.0003335000481
0.0003135537552
0.0003406370483
0.0003445259206
0.0003192825048
0.0003016875835
0.0003363516731
0.0002978786951
0.0003712706167
0.0003452436796
0.0003447945413
0.000357400602
0.0002665986068
0.0002831173651
0.0002339661662
0.0002317830846
0.0002782252516
0.0002513298891
0.0003321106977
0.000301828933
0.0002975727627
0.0002774850445
0.000238902318
0.0002170009698
0.000247171861
0.0002152698342
0.0002885933999
0.0002721455408
0.0002588754934
0.0002771042534
0.0001848462787
0.0001943609892
0.0001558907013
0.0001456947401
0.0001550858943
0.0001422575205
9.379749213e-05
0.0001215873457
3.139678212e-05
2.977773258e-05
6.958822236e-05
2.506030752e-05
0.0001488880952
0.0001115154568
0.000187769441
0.0001842968301
0.0001784355657
0.0001835284675
0.0001961886389
0.0001700055453
0.0002861345561
0.0002145408142
0.0003398631313
0.0003053110353
0.0002565762562
0.0002888766636
0.0001812395793
0.0002021805938
0.0001933171116
0.0001865806186
0.0002457886076
0.0002438812774
0.0002425941455
0.0002830375434
0.0002030502718
0.0002242156805
0.0002190857788
0.0001955062653
0.0002886404567
0.000254965609
0.0002988718031
0.0003639933362
0.0002200409559
0.0003296145328
0.0001667233029
0.0002111327551
0.0001839300091
0.0001714327948
0.0002619156639
0.0002149936657
0.0003365326932
0.0002892310409
0.0003217069807
0.0003466639836
0.0002826494324
0.0003200327173
0.0002980032414
0.0002807023193
0.0003286408774
0.0002825529569
0.0002985728994
0.0002896824355
0.0002410001015
0.0002614975242
0.0002342117934
0.0002345444663
0.0002666085923
0.0002369498437
0.0002578581041
0.0002432364546
0.0002041018126
0.0002093329619
0.0001891310771
0.0001839013228
0.0002413340753
0.0002115085739
0.0002849021059
0.0002810673126
0.0002286562978
0.0002770585469
0.0001553298636
0.0001911590512
0.0001335458112
0.0001402400201
0.0001246420225
0.0001279570331
6.614761414e-05
0.0001058538271
1.956697383e-05
4.891004108e-05
6.792201126e-05
4.912722428e-05
0.0001635358379
0.0001270973637
0.0002038990695
0.0002180724673
0.0001788981305
0.0002200186409
0.0001765875146
0.0001779969444
0.0002328098766
0.0001846585078
0.0002809837427
0.0002414930901
0.0002464160682
0.0002762215331
0.0002080701257
0.0002566965621
0.0002412631525
0.0002554297585
0.0003010397005
0.0002965991876
0.0002784059551
0.0003132033784
0.0002154701693
0.0002612604737
0.0002281463328
0.0002367515804
0.0003436185261
0.0002925675918
0.0004282569006
0.000411036071
0.0003291346146
0.0004204713543
0.0002094533585
0.0002944110305
0.0001924133742
0.0002100925662
0.0002388846089
0.0002411771023
0.0003130517026
0.0002648741837
0.0003689822993
0.0003609559981
0.000329756786
0.0004164723755
0.0002636962754
0.0003162920297
0.0002443552653
0.0002300568106
0.0002623201582
0.0002327019045
0.0002627913494
0.0002852192645
0.0002389405511
0.0002868682651
0.0002174454444
0.0002287316631
0.0002042280675
0.0001967268674
0.0001935810538
0.0001968304338
0.000204368912
0.0002092943297
0.0002566131855
0.0002367518262
0.0002969768833
0.0002862242911
0.0002468957862
0.0002876067124
0.000166732707
0.0002011075769
0.0001292136793
0.0001333506876
0.0001183997185
0.0001157458777
9.477008716e-05
0.000119591662
7.270539155e-05
0.0001036587955
9.92378192e-05
9.207662834e-05
0.0001834098799
0.0001289903596
0.00025213252
0.000217759411
0.0002224762404
0.0002626037373
0.0001787993274
0.0002117128404
0.0001937982888
0.00018279949
0.0002552944051
0.0002187613053
0.0003004358316
0.0002973527509
0.0003027641515
0.000338078357
0.0003041556747
0.0003215133562
0.000310250441
0.000301573001
0.0002960789883
0.0002915061076
0.0002746420263
0.0002891596959
0.000289428217
0.0003016212179
0.0003479833899
0.0003142806218
0.0003954028338
0.0003212576843
0.0003668349091
0.0003248782348
0.0002811622134
0.0003115099905
0.0002248832835
0.0002758975403
0.0002632468595
0.0003005599234
0.0003107651143
0.0002852996769
0.0004275071509
0.0003572419658
0.0004202226759
0.0004577329851
0.000278701768
0.0003651799249
0.0002130992371
0.0002374817442
0.0002621822541
0.0002266127902
0.0003317899078
0.0003170428702
0.0002931811781
0.0003704954344
0.0002152186252
0.0002829656441
0.0001932854453
0.0002138336892
0.0002094891282
0.0002017368887
0.0002291557096
0.0002093764901
0.000257775129
0.0002201896385
0.0002840267395
0.0002485457246
0.0002379684344
0.0002486305866
0.0001489415882
0.0001693454688
0.000107295682
0.0001071851444
0.0001192655218
0.0001035091171
0.0001380501446
0.0001466499443
0.0001210233296
0.000163606738
0.0001092806434
0.0001234983927
0.0001507446733
0.0001164345117
0.0002321695088
0.0001668845164
0.0002549021934
0.0002408974665
0.0002137467757
0.0002499517699
0.0002104848823
0.0002387067323
0.0002698920495
0.000263918612
0.000336129546
0.0003066797411
0.0003418462008
0.0003198687386
0.0003083249012
0.000305103353
0.000282397707
0.0002919170445
0.0002808404812
0.0002810090536
0.0003024934763
0.0002804977195
0.0003117475543
0.0002925588911
0.0002770822692
0.0002690335308
0.0002420309937
0.0002141719987
0.0002554348853
0.0001959494084
0.0002966602442
0.0002405205378
0.0002907730972
0.000307767769
0.0003059318367
0.00030059696
0.0003104199974
0.0002916999725
0.0003870001387
0.0003191652767
0.0004105021437
0.0003743230723
0.0003051408108
0.0003359785315
0.0002301200309
0.000252158069
0.0002703432956
0.0002377186354
0.0003692965977
0.0003056190843
0.0003731219888
0.000384553148
0.0002845705258
0.0003629691279
0.000224361318
0.0002903340779
0.0001984213544
0.0002231665794
0.0001858726637
0.0001756526302
0.0001974152513
0.000161012526
0.0002163539568
0.0001776685806
0.000183619369
0.0001857971522
0.0001204391642
0.0001424565502
9.798053613e-05
0.0001091017881
0.0001323176524
0.0001210531598
0.0001845387956
0.0001751426454
0.0001676032769
0.0001970640373
0.0001246161278
0.0001534871038
0.0001300520574
0.000133644359
0.0001831087786
0.0001559850623
0.0002421418605
0.0002064698366
0.0002724558136
0.0002579869309
0.0002937249296
0.0003082580517
0.0003051557017
0.0003323428032
0.0002854168267
0.0002868318583
0.0002715064727
0.0002429638232
0.0002913469353
0.0002614739043
0.0003052785339
0.0003287866421
0.0002863842572
0.0003361536585
0.0002629398797
0.0002689841433
0.0002467354214
0.0002259970287
0.0002110793664
0.0002090259717
0.0001737639189
0.0001865492753
0.0001834282857
0.0001747061104
0.0002534383023
0.0002026066417
0.0003156342847
0.0002692818813
0.0002707327529
0.0002374385744
0.0002854729921
0.0002589546822
0.0003113352427
0.0002880714286
0.0003095441986
0.0002910658903
0.0002654577053
0.0002565676358
0.0002349182815
0.0002279354166
0.0002577538386
0.0002346043025
0.0003214413156
0.0002745611791
0.0003754313221
0.0003273469881
0.0003667858572
0.000369612045
0.0002940558917
0.0003607188951
0.0002051713066
0.0002751962899
0.0001502214985
0.0001799118672
0.0001422734953
0.0001378705297
0.0001606910806
0.0001429441699
0.0001608823135
0.0001667407547
0.0001380868105
0.0001723426176
0.0001366415978
0.0001731668486
0.0001702874616
0.0001905564191
0.0001988492818
0.0002070092041
0.0001831442297
0.0001953611471
0.0001611503433
0.0001810645952
0.0001677731645
0.0001961350418
0.0001934998936
0.0002204765039
0.0002267220262
0.0002242950353
0.0002818138903
0.0002389494338
0.0003397466393
0.0002918969438
0.0003163244117
0.0003251563105
0.0002415297632
0.0002662913247
0.0002278290888
0.0002203558534
0.0003060060912
0.0002595150799
0.0003823073407
0.0003733622863
0.0003260722861
0.0003896276541
0.0002277688089
0.0002690326357
0.0001924470287
0.0001939783328
0.0001985390687
0.0001959189566
0.000202896293
0.0002369276934
0.0002058455324
0.0002606510924
0.0002272609916
0.0002457949663
0.0002556449264
0.0002318688736
0.0002262532426
0.0002156268694
0.0002666864163
0.0002390407283
0.0002861552295
0.0002890781919
0.0002544536123
0.0002820838627
0.0002190960324
0.0002319438922
0.0002213473914
0.0002159639844
0.0002529028212
0.0002444600864
0.0002883646074
0.0002831495235
0.000323455902
0.0003001379209
0.0003605703104
0.0003206057683
0.0003428835468
0.0003425736654
0.0002497903273
0.0003012358787
0.0001697128848
0.000223831964
0.0001470000246
0.0001818545042
0.0001651755408
0.0001846550552
0.0001926912964
0.000206363214
0.000212428361
0.0002228583214
0.000231527746
0.0002430581984
0.0002372542722
0.000267050829
0.0002137858273
0.000252559197
0.0001926377187
0.0002120171967
0.0002116005178
0.00020577001
0.0002534247989
0.0002448607911
0.000258114042
0.0002788618351
0.0002336589709
0.0002531966656
0.0002408232423
0.0002292689157
0.00027989663
0.0002446385825
0.0002808481415
0.0002721807816
0.0002404471149
0.000258247841
0.0002421478861
0.0002468760867
0.00032442302
0.0002839273876
0.0003939777566
0.0003529497934
0.0003298047626
0.0003475873872
0.0002276760733
0.0002687334877
0.0001993873022
0.0002251399157
0.0002466954301
0.0002471303118
0.0003165808424
0.0003254890089
0.0003207045835
0.0003877963115
0.0002624577298
0.000343193271
0.000220332665
0.0002547254967
0.0002251962073
0.00024055611
0.0002671021593
0.000239515908
0.0003033317
0.000291898255
0.0002736816034
0.0003136033411
0.0002349851435
0.0002780332382
0.000246714373
0.0002667789869
0.000288147157
0.0002995874158
0.0003057559459
0.0003252451387
0.0003000629176
0.0003069066311
0.0003033990315
0.0002875237183
0.0002983293463
0.0002779728614
0.0002633290539
0.0002564685847
0.0002304907981
0.0002405850931
0.0002297023151
0.0002625540929
0.00024000374
0.000295480084
0.000234029358
0.0002604073774
0.0002305826297
0.0002081333218
0.0002596350845
0.0002073006677
0.0002851230711
0.0002608923453
0.00025679158
0.0002944296215
0.0002195885823
0.0002526773198
0.0002258785827
0.0002177152603
0.0002589637904
0.0002234177548
0.0002643131834
0.000240630988
0.0002416743491
0.0002386779001
0.0002373320469
0.000243404567
0.000256129477
0.000266154195
0.0002636554035
0.0002771458319
0.0002593962733
0.0002666815592
0.0002759678757
0.000269355732
0.0003091696343
0.0002879330108
0.0003142300968
0.0002898696452
0.0002853465205
0.0002733944801
0.0002618477822
0.0002740146825
0.0002714333094
0.0002992984631
0.0003210792333
0.0003179862666
0.0003911365607
0.0003412055396
0.0004127601532
0.0003843392617
0.0003384848763
0.0003911496263
0.0002488952772
0.0003135190768
0.0002368614139
0.0002507708813
0.0002564741256
0.0002302366671
0.0003076887382
0.0002674403816
0.0003185045332
0.0003100393535
0.0003040053316
0.0003162560784
0.0003201896497
0.0003282884511
0.000342909441
0.0003493782727
0.0003247002128
0.0003314217041
0.0002890243726
0.0002892736174
0.0002666149202
0.0002682756484
0.0002426679996
0.0002536076663
0.0002249781264
0.0002249979242
0.0002556162982
0.0002233228121
0.0003258522308
0.0002828095253
0.0003198535297
0.0003422120437
0.0002217542861
0.0002643310835
0.0001661958181
0.0001688320995
0.0001973008981
0.0001564292701
0.0002756125149
0.0002215676622
0.0002916989781
0.0002915561711
0.0002386075777
0.000259788495
0.0002058924
0.000210188928
0.0002065546322
0.000198577784
0.0002156047469
0.0002066762092
0.00023504809
0.0002198137531
0.0002737827344
0.0002530625446
0.0003012616081
0.0003026451
0.0002895795084
0.0003187520991
0.0002719669768
0.0002910584901
0.0002735814728
0.0002688997707
0.0002699430514
0.000258970176
0.0002539060186
0.0002452260247
0.0002630742437
0.0002479560691
0.000309555073
0.0002902319055
0.0003369168081
0.0003321480365
0.0003146215594
0.0003023270762
0.0003106918807
0.0002633897771
0.0003555984294
0.0002851620105
0.0003630121589
0.0003448212859
0.0002900750695
0.0003241603829
0.0002305742245
0.0002517040171
0.0002347257098
0.0002318611949
0.0002696291741
0.0002423479702
0.0002991507808
0.0002673284708
0.0003232901465
0.0002963256598
0.0003461200255
0.0003267163341
0.0003316589661
0.0003243978105
0.0002853408412
0.0002822944493
0.0002623187194
0.0002547521186
0.0002666722507
0.0002693195856
0.0002541779035
0.0002937120401
0.0002285179875
0.0002753147933
0.000241923317
0.0002473341035
0.0002950082426
0.0002545862022
0.000291810426
0.0002785723546
0.000209346963
0.0002482225845
0.0001597374123
0.0002023110124
0.0001863398781
0.0001966485618
0.0002523265259
0.0002311967291
0.0002635574073
0.0002549804616
0.0002218779605
0.0002276255522
0.0002034820271
0.0002094967745
0.0002156850321
0.0002314729315
0.000228181244
0.0002657511107
0.0002393584052
0.0002617746512
0.0002703476932
0.0002441234101
0.000311593771
0.0002588139384
0.0003179154073
0.0002957083194
0.0002864238939
0.0003066846534
0.0002539552279
0.0002720526083
0.0002359654041
0.000235877737
0.0002404382773
0.0002340410178
0.000275067252
0.0002680901896
0.000311269211
0.000298867542
0.0002883676263
0.0002757633166
0.0002366947319
0.0002246413519
0.0002314338889
0.0002091899507
0.0002840688857
0.0002466321
0.0003185416984
0.0003007038701
0.0002772166815
0.0002957696872
0.0002615352747
0.0003155636155
0.0002457320624
0.0002893973544
0.0002447874188
0.0002523149673
0.0002693858683
0.0002547656492
0.0003068972808
0.0003026937471
0.0003116694018
0.0003272244754
0.0002753345241
0.0002829682693
0.0002506161516
0.0002497433946
0.0002681902159
0.0002712530236
0.0003128096898
0.0003282431467
0.0003300363347
0.0003574644632
0.0002987911857
0.0003382866083
0.0002623821793
0.000301206404
0.0002494326978
0.0002656053915
0.0002514465977
0.0002496399446
0.0002528183305
0.0002695252052
0.0002527517221
0.0003132851559
0.0002544472678
0.0003231898408
0.0002473048649
0.0002770421554
0.0002258297965
0.0002323614749
0.0002146300441
0.0002179876819
0.0002394346805
0.0002397512367
0.0002952168831
0.0002942913373
0.0003153025082
0.0003465908647
0.0002677735728
0.000317734894
0.0002218754667
0.0002374108704
0.0002322667844
0.0002003904302
0.0002811728797
0.0002283261991
0.0002948485462
0.0002820157963
0.0002562272762
0.0002795363031
0.0002368957199
0.0002550497842
0.000269632763
0.0002793723067
0.0003029639192
0.0003313509748
0.0002694150922
0.0002969084219
0.0002121813186
0.0002175990188
0.0001992820742
0.0001938746393
0.000235452199
0.0002386218937
0.0002864377904
0.0003033595304
0.0003027499651
0.000320212707
0.0002848289822
0.0003152429892
0.0003566389601
0.0003893935998
0.0002977531421
0.0003457801064
0.0002602390488
0.0002809954424
0.0003008015226
0.0002955801692
0.0003538448468
0.0003817158894
0.0003192979337
0.0003841521031
0.000260140111
0.0002946629635
0.0002744690878
0.0002749194144
0.0003476734403
0.0003537085777
0.0003845427561
0.0004210339734
0.0003518835591
0.0003564197714
0.0003205930453
0.0002917437954
0.0003020883326
0.0002901711876
0.0002764804137
0.0003076875294
0.0002772341053
0.0003079825234
0.0003342256653
0.0003255765766
0.0003898386782
0.0003839480196
0.0003484943184
0.0003954672975
0.0002628336295
0.0003127978929
0.0002259368553
0.0002470643839
0.0002434399523
0.0002438388487
0.0002908356042
0.0002807498423
0.0003393765056
0.0003167815623
0.0003440187974
0.0003252022432
0.0002833013052
0.0002973431559
0.0002154949691
0.0002499971757
0.0002014194366
0.0002221040148
0.0002377494221
0.0002252510407
0.0002708802065
0.0002447409651
0.0002759148481
0.0002628819297
0.0003035218056
0.0003092443797
0.0003678549327
0.0004094542824
0.0003536257297
0.0004401687565
0.0002512458206
0.0003141965192
0.0001995543535
0.0002233720161
0.0002427559504
0.0002427963448
0.0003308742993
0.00035071565
0.0003571732948
0.0004079435435
0.0003400928456
0.0003655115617
0.0003564521662
0.000360067793
0.0003632568784
0.0003271311092
0.0003064538341
0.0002906372293
0.0002970263895
0.0002784085704
0.0003754989274
0.0003355680531
0.0004282276003
0.0004088615993
0.0003565433797
0.0003742168856
0.0002952277827
0.0003097993699
0.0003485059297
0.0003316979553
0.0004395469982
0.0004211014643
0.0003917601509
0.0004194467958
0.0002746198746
0.0002946249711
0.0002400896994
0.0002195428419
0.0002859131937
0.000232090677
0.0003387000108
0.0003052976938
0.0003515509013
0.0003658878104
0.0003650181113
0.0003708802396
0.0003828606391
0.0003584088335
0.0003567125071
0.0003548158685
0.00029314234
0.0003352727246
0.0002596060012
0.0002980391278
0.0002741457904
0.0002713979962
0.0003011911471
0.000278437011
0.0003021732732
0.000296232877
0.0002785285382
0.0002853667324
0.0002597192972
0.000256161458
0.0002569614693
0.0002567656105
0.0002564052513
0.0002881318575
0.0002445048863
0.0002905357062
0.0002347100932
0.0002400514084
0.0002795219788
0.000229666056
0.0004097551595
0.0003202103363
0.0005088557763
0.0004868463274
0.0004114136433
0.0004783752194
0.0002730802407
0.0003206273014
0.0002561985569
0.0002649727425
0.000355093427
0.0003337148253
0.000444325962
0.0004409268803
0.0004087589358
0.0004227734551
0.0003612310336
0.0003503590487
0.0003738446013
0.0003309695693
0.0002476120588
0.000232522319
0.0002423657837
0.0002119851519
0.0002958111765
0.0002437670036
0.0003587222969
0.0003148589594
0.0003426475526
0.0003145105623
0.0002968468738
0.0002603036248
0.0003177497989
0.0002663811048
0.0003949464366
0.0003503501176
0.0004100906804
0.000405122265
0.0003213842065
0.0003393714014
0.0002368328436
0.0002668500269
0.0002132442516
0.0002401268651
0.0002504750122
0.0002394745926
0.0003267861628
0.0002717367302
0.0003809246275
0.0003422267561
0.000365551389
0.0003878736797
0.0003336720172
0.0003520766556
0.0003406976954
0.000329210728
0.0003488911234
0.0003653718782
0.0003096595883
0.0003781973293
0.0002647117058
0.0002946530322
0.0002694407167
0.0002455360258
0.0003001377831
0.0002826464238
0.0002865772503
0.0003482604592
0.0002551624446
0.0003080339574
0.0002759589125
0.0002544285137
0.0003241902551
0.0002830805649
0.0002946344149
0.0003311703569
0.0002265485535
0.0002739029006
0.000240018491
0.0002113555079
0.0003663176068
0.0002442250861
0.0004556260801
0.0003532982124
0.0003628387445
0.0003571453426
0.0002759137249
0.0002708148684
0.0003138408674
0.0002660828686
0.0004114786636
0.0003504774461
0.0004148014868
0.0003944355663
0.0003388803508
0.0003230873964
0.0002958416328
0.0002721859451
0.0002759693728
0.0002590097229
0.0002153194074
0.0002701529083
0.0002130475414
0.0002303714545
0.0002632533988
0.0002317635641
0.0002879585311
0.0002740720917
0.0002395127761
0.0002598711004
0.0002163837646
0.0002103432342
0.0002828557415
0.0002239240565
0.0003711415591
0.0003145286468
0.0003529311215
0.0003685980219
0.0002917708676
0.0003217740636
0.0002800240019
0.0003058889563
0.0002803803294
0.0003329738133
0.0002664853541
0.0003144102226
0.0002861907193
0.0002781195106
0.0003598684637
0.0003107769554
0.0003910015061
0.0003973650201
0.0003483555171
0.000392622872
0.0003509941419
0.0003449009935
0.0004133584926
0.0003847841458
0.0003822947156
0.0004609683168
0.0002710588821
0.0003648016193
0.0002476218518
0.0002540814447
0.0003458347382
0.0002812062502
0.0004052367965
0.0004282284713
0.0003111141096
0.0004304197628
0.0002442398747
0.000278318077
0.0002854420885
0.0002376277117
0.0003214714382
0.0003024223806
0.0002512663989
0.0003116685546
0.0001955385415
0.0002161572489
0.0002267553115
0.0001794076624
0.0002801999766
0.0002178015101
0.0002619609756
0.0002537658929
0.0002343181006
0.0002300004195
0.0002805076859
0.0002331488463
0.0003391260231
0.0002875344702
0.000305557654
0.000298109781
0.0002472121919
0.0002405676772
0.0002417924687
0.0002249691906
0.0002419807662
0.0002624163508
0.0003132421866
0.0004226860565
0.0002510034576
0.0003291641434
0.0002505930708
0.0002564129186
0.0002782659253
0.0002753110443
0.0002560374927
0.0003206703723
0.000223521428
0.0002931726685
0.0002561538791
0.0002555833111
0.0003309814599
0.000281713016
0.0003550361206
0.0003439335587
0.0003371102806
0.0003682069766
0.0003585983515
0.00036836966
0.0003691759088
0.0003699569413
0.0003201182417
0.0003400548023
0.0002957911371
0.0003040306242
0.0003582102474
0.0003267911159
0.0004155486991
0.000397203364
0.000376494027
0.0003990266567
0.0003548001411
0.0003497958438
0.0004430455761
0.000382503255
0.0004798267347
0.0005042128449
0.0003505825921
0.0004894827987
0.0002697180735
0.0003429006273
0.0003494816846
0.0002985862766
0.0004726964364
0.0003844512877
0.0003946365027
0.0004416090396
0.00026075987
0.0003374142258
0.0002594547698
0.0002735991985
0.0003173889382
0.0002978932424
0.0002782508507
0.0003136354531
0.0001928533037
0.0002377945953
0.0001840734694
0.0001979180144
0.0002337595223
0.0002362579364
0.0002536674882
0.0003024998059
0.0002337902257
0.0002892003978
0.0002452734625
0.000254108534
0.0002687718647
0.0002554506767
0.0002449880946
0.0002522855684
0.00021767214
0.0002259204591
0.0002593042401
0.0002461354819
0.0003309915428
0.000350191164
0.0004370658579
0.000435788302
0.0003154548492
0.000355247889
0.000272625967
0.0002892749763
0.0003321333808
0.0003059453684
0.00038216685
0.0003863452991
0.0003343341874
0.0004153167281
0.000280010011
0.0003414905547
0.0002944780977
0.0002796217247
0.0003546987681
0.0002927407329
0.0003906607804
0.0003573627511
0.00037054169
0.0003873584599
0.0003259351786
0.0003292606947
0.0002983117203
0.0002696117524
0.0003122236598
0.0002675884966
0.0003640670687
0.0003193407986
0.0003920708133
0.0003768167664
0.0003644391921
0.0003763535298
0.0003579809075
0.0003617809588
0.0004442362901
0.0004007003774
0.0005444926479
0.0004977218056
0.0004879649739
0.0005510710601
0.0003599063812
0.0004765160396
0.0003233811492
0.0003727398284
0.0003603670736
0.0003191958168
0.0003767987176
0.0003273169811
0.0003398322105
0.0003528113097
0.0003167252022
0.0003663877087
0.0003120345023
0.0003352811344
0.0002763698916
0.0002865702652
0.0002399784706
0.0002636626675
0.0002664252155
0.0003043148069
0.0003481097356
0.0003969603526
0.0003799328321
0.0004570550202
0.0003253556683
0.0004187794025
0.0002753296733
0.0003436015478
0.0002562201803
0.0002861934967
0.0002410466727
0.0002553353281
0.0002491614527
0.0002549292425
0.0003324704251
0.0003042206945
0.0004544740008
0.0003951741644
0.0003310043965
0.0002868569578
0.0003039510439
0.0002764795501
0.0003048282294
0.0003024773826
0.0003429154887
0.0003152438515
0.0004018394854
0.0003244398016
0.0004095908999
0.0003643692969
0.0003307066799
0.0003723789149
0.0002640757781
0.0002941418562
0.0002798056571
0.0002391117464
0.0003546272197
0.0002780109898
0.00036269143
0.0003735526449
0.0002750189027
0.0003410497412
0.0002212519005
0.000226026206
0.0002514033347
0.0001961110212
0.0003296882372
0.0002554505837
0.0003780199901
0.0003563348784
0.0003823632892
0.0004065305685
0.0004024134879
0.0004220922402
0.0004547945154
0.0004493402632
0.0005072834886
0.0004679740416
0.0005347292003
0.0004890041289
0.000491052334
0.0005303978375
0.0003807278719
0.0005065984387
0.0002973606673
0.0003700767375
0.0002979706081
0.0002768840122
0.0003632770797
0.0002923618576
0.0003784683146
0.0003596464848
0.0003071435795
0.0003359064424
0.0002645775812
0.000268981544
0.0003154394409
0.0002807464631
0.0004298501157
0.0003830940835
0.0004966847778
0.0004556620651
0.0004727517469
0.0004189869721
0.0004190995353
0.0003847420601
0.0003529303959
0.0003797542681
0.0002890664063
0.0003423649992
0.0002658498595
0.0002879025265
0.0002984457588
0.0002873960444
0.0003517143178
0.0003283693152
0.0003625274783
0.0003277225373
0.0002397934508
0.0002476832598
0.0002777075593
0.0002554543768
0.0003131539137
0.0003079393625
0.0002864016493
0.000300286805
0.0002724270253
0.0002457485264
0.0003221407436
0.0002521901094
0.0003361730864
0.0003176645752
0.0002612570003
0.0003092964444
0.0002268894022
0.0002373167164
0.0003056992656
0.0002439408649
0.000391854351
0.0003609938798
0.0003060701441
0.0004094163377
0.0001948761265
0.0002645693431
0.0001911447596
0.0001815390202
0.000286049435
0.0002159797271
0.0004023729408
0.0003455670483
0.0004495314367
0.0004490925844
0.0004630797841
0.0004596713606
0.0004616873524
0.0004567766799
0.00044605245
0.0004462017747
0.0004756457291
0.0004438195615
0.0005513750621
0.000494007316
0.0005125815576
0.0005645306858
0.0003527700833
0.0004805003287
0.0002651217936
0.0003226024602
0.0002846493991
0.0002576464196
0.0003218450456
0.000282066271
0.000294765439
0.0003087503264
0.0002712577649
0.0002916269173
0.0003267369564
0.0002923778882
0.0003837813817
0.0003249637594
0.0003419228176
0.0002988902418
0.0002883065857
0.000232414608
0.0003130924397
0.0002266339734
0.000360967662
0.0002965876676
0.000338493291
0.000360023101
0.0002994169271
0.0003326469089
0.0003115380427
0.0003066860506
0.0003140468398
0.0003148496706
0.0002663604113
0.0002906306469
0.0002787658035
0.0003502343719
0.0002995802146
0.0003280288553
0.0003152714858
0.0003252395842
0.000271112397
0.00030960012
0.0002317282843
0.000266855205
0.0002612727572
0.0002519827824
0.0003130857676
0.000288295496
0.0002885022369
0.0003201039566
0.0002435650426
0.0002814890382
0.0002924782478
0.0002623218331
0.0004073664068
0.0003284145937
0.0003851899664
0.0004217525823
0.0002480568815
0.0003609973616
0.0002017862371
0.000256342578
0.0002744277397
0.000244960363
0.0003983039454
0.0003231489823
0.000446372861
0.0004015284085
0.0004341041843
0.0004012822099
0.0004409590809
0.0004112233159
0.0004565947361
0.0004658940672
0.000473351305
0.0005162420405
0.0005095539858
0.0005030370962
0.0005341802374
0.0004938346037
0.0004407932574
0.0004828633129
0.0003089315516
0.0003942752508
0.0002654185493
0.000309648488
0.0002962348557
0.0003011432422
0.0003249774573
0.00035067288
0.0003131102146
0.0003689994876
0.0002918334382
0.0003179834789
0.00025946789
0.0002640346268
0.0002082590879
0.0002221015435
0.0001794186709
0.0001908911686
0.0002145347558
0.0001904140626
0.0003045071796
0.0002415423658
0.0003555580841
0.0003207036813
0.0003295272242
0.0003399345079
0.0003107787963
0.0003153651378
0.0003148154275
0.0003220471686
0.0002975339049
0.0003513786537
