5.35228e-06
0.000311184
0.000354429
0.000114816
0.000317515
0.000246027
0.000206022
0.000205673
0.000206916
0.00024964
0.000218592
3.83112e-05
0.000210537
0.000182016
4.14925e-06
1.24887e-06
1.51648e-06
2.58694e-06
0.000332166
0.000187937
0.000701308
1.85763e-05
0.00121599
0.000732515
0.000337551
0.000329771
0.000258139
0.000911888
0.000722704
0.000410794
0.000800595
0.000497464
0.000160651
0.000163186
0.000227325
0.000747057
0.0010835
0.000420525
0.000635031
0.000324827
0.000197286
0.000242257
0.000268075
0.000901425
0.000541762
0.000597364
0.000530034
0.00015659
3.69611e-05
0.000127971
0.000572412
0.00043023
0.000226805
6.5618e-07
3.74661e-06
9.26036e-07
3.35716e-06
1.52191e-05
0.000840777
0.00043889
0.0021909
0.00170599
0.00126143
0.00100496
0.000801334
0.000695423
0.00179528
0.00246513
0.000815667
0.00170672
0.000979881
0.000702351
0.00050335
0.000703196
0.00319022
0.00136288
0.000529805
0.00119945
0.000417787
0.000237862
0.000352215
0.000412717
0.00212851
0.000410842
0.000860496
0.000240577
6.72456e-05
8.74223e-05
0.000215285
1.17957e-06
0.000567493
0.000227965
9.02252e-05
5.40375e-07
1.25444e-06
5.01776e-07
1.60744e-20
7.52848e-19
5.2039e-19
0.00156978
0.000860063
0.0014425
2.87827e-05
0.00020924
0.000125974
0.00142834
0.00123385
0.000395307
0.00116022
0.00225898
0.000622874
0.000528189
0.000831313
0.000835724
0.00163543
0.000838125
0.00235296
0.00161451
0.000565377
0.0012666
0.000480833
0.000254806
0.00061611
0.000255572
0.00139529
0.000153791
0.000331673
0.000368926
0.000140284
4.07711e-05
0.00013758
2.29659e-06
0.000180462
0.000115103
5.82137e-05
1.17668e-05
1.6576e-05
4.90435e-07
5.41391e-20
0.000382337
0.000168266
0.00047375
8.27799e-06
0.000383238
6.45789e-05
0.00016035
0.000562654
0.00171388
0.000206486
0.0010175
7.97274e-05
0.000247693
0.00061066
0.000434739
0.00106416
0.000553378
0.00164338
0.00241039
0.000804652
0.00250984
0.00109508
0.00011741
0.000213484
0.000120989
0.00370615
0.000156238
0.000708317
0.000393013
5.61408e-05
6.82895e-05
0.000101674
0.000258978
0.000149126
5.5422e-05
7.18458e-06
4.45887e-07
1.03856e-06
5.04859e-08
0.000295962
3.92756e-05
0.00164613
1.5867e-07
0.00437552
0.000924921
0.000122125
0.000693237
0.000562678
0.000805312
0.00125677
0.00137899
0.0011301
0.000276342
0.000529775
0.00234539
0.00106812
0.000656069
0.0012543
0.000607089
0.00010862
0.000454312
0.000769394
0.00019825
0.000985068
7.29025e-05
0.000246877
0.000407629
7.38692e-05
8.05025e-05
0.000151883
2.38742e-05
3.11147e-07
9.53581e-07
7.98894e-08
0.00467692
0.00121503
0.0100383
0.0613635
0.0154848
0.00133633
0.00153455
0.000383369
0.0272188
0.00487677
0.0144737
0.0112672
0.0047874
5.68567e-05
9.96489e-05
7.33671e-05
0.00530973
8.33926e-05
0.00436442
0.000603809
2.37853e-05
1.56896e-05
5.52268e-05
6.76625e-05
0.000178839
0.000147243
0.000103281
0.000173921
4.08718e-05
3.6301e-05
4.13231e-06
0.00012685
6.29002e-05
2.3976e-05
6.60171e-07
2.93409e-07
0.0473312
0.028494
0.066306
0.0323719
0.0248281
0.0124732
0.0191194
0.00397919
0.0352981
0.0165723
0.0169367
0.0523337
0.00929782
0.000861666
0.000428879
2.70948e-05
0.0229538
0.000174972
0.0034598
0.0028769
0.000228875
2.10102e-05
2.19943e-05
6.78671e-06
0.000626911
0.000452122
6.17257e-05
7.15257e-06
2.38645e-06
4.20133e-05
1.32085e-05
3.5871e-07
1.80722e-07
1.18879e-07
0.0693468
0.0191798
0.0248303
0.00334684
0.00277795
0.0188488
0.0206314
0.00272866
0.0576271
0.0155025
0.00770373
0.00152657
0.005823
0.00538499
0.000524604
0.000462351
0.00217422
0.000728759
4.73214e-05
0.00020464
0.000188355
0.000478867
3.66061e-05
2.71675e-07
2.68642e-07
1.16709e-07
6.19161e-09
0.0094938
0.0117135
0.00296859
0.000177696
0.0030521
0.00602197
0.00117352
0.00537899
0.00156758
0.000495601
0.000110834
0.00138146
0.00131569
0.000135182
0.00140862
0.000128629
7.94762e-05
0.00010475
8.36415e-05
2.92033e-05
7.08661e-06
2.40182e-07
0.000155357
4.3955e-07
3.19308e-05
6.88511e-06
5.38728e-07
3.94464e-08
5.81329e-08
5.98911e-07
3.43523e-07
2.47874e-08
0.000326039
5.29424e-05
0.000132749
0.000125156
0.000280224
7.71385e-05
0.000303182
6.48685e-05
3.47568e-05
1.48225e-05
5.23742e-06
0.000161225
6.97761e-05
1.27433e-05
0.000134742
1.27551e-05
5.28783e-06
6.12763e-07
6.43756e-07
3.33978e-05
5.1811e-06
4.81615e-07
6.55148e-05
2.02894e-07
5.3405e-08
2.53764e-07
3.32901e-07
2.69269e-08
4.01632e-07
1.26146e-08
1.09445e-10
2.66126e-05
9.80515e-05
4.33397e-05
4.23909e-06
4.16904e-05
1.42715e-05
4.86232e-07
7.43265e-06
2.77057e-07
4.60813e-08
2.88232e-06
5.00465e-06
5.91761e-07
4.69595e-06
3.00285e-07
1.2198e-09
6.11073e-10
6.11407e-07
4.66647e-07
7.76441e-09
1.26727e-07
1.85224e-11
1.73846e-09
2.006e-10
1.09288e-12
4.65848e-11
9.57136e-12
8.96196e-11
3.1898e-12
2.22946e-12
2.66148e-13
3.07093e-14
5.55853e-09
2.66808e-07
1.30988e-08
6.45895e-09
1.33421e-08
8.40787e-09
2.44633e-09
7.69141e-10
7.43504e-11
1.177e-10
3.02399e-08
3.99161e-09
1.64302e-08
4.25191e-10
9.80798e-10
1.56739e-10
3.05844e-11
4.89969e-10
2.2655e-11
1.47823e-10
2.00778e-12
2.62095e-12
5.72635e-13
1.07283e-12
1.47931e-13
1.52282e-13
2.96863e-13
7.80567e-10
6.20791e-11
1.68702e-12
1.07381e-09
7.29312e-11
3.88068e-11
1.44191e-12
9.00274e-15
8.70192e-11
1.25127e-10
3.20982e-11
6.88284e-11
8.82547e-12
5.34329e-13
3.11771e-11
9.48503e-13
6.78667e-12
5.15194e-13
1.54038e-13
2.17092e-13
1.82906e-13
3.02626e-13
2.95778e-13
1.8856e-13
8.4851e-15
4.43125e-14
4.41229e-18
5.67302e-18
6.44035e-20
1.02788e-17
2.47519e-12
6.60961e-13
7.22305e-15
1.1888e-15
1.47571e-15
5.13086e-14
2.60427e-13
2.49707e-13
1.11368e-14
7.08687e-15
2.87401e-15
3.12528e-15
1.98193e-15
1.76784e-14
4.69851e-14
6.96233e-14
2.77429e-14
5.0947e-14
6.70919e-15
2.66698e-15
9.83731e-15
9.5338e-14
7.47517e-14
4.73645e-14
5.51724e-14
5.30924e-14
6.64051e-15
9.81478e-15
2.0346e-14
9.08416e-14
1.24651e-13
5.52477e-14
1.78669e-14
2.15933e-14
3.53362e-16
2.73126e-16
4.06424e-16
3.67179e-16
1.80917e-17
1.96448e-19
1.10325e-17
1.52165e-19
9.60052e-18
1.83138e-17
2.81722e-15
1.84308e-15
2.20094e-15
2.71307e-17
1.23336e-15
1.61735e-15
3.20365e-15
4.14664e-15
4.2739e-15
2.45183e-15
4.82104e-15
2.62876e-15
2.19259e-15
3.6757e-15
3.36797e-15
1.97026e-15
4.23979e-15
5.78072e-15
1.43024e-14
3.60558e-15
4.34471e-15
1.03623e-14
9.65104e-15
1.29385e-14
1.16973e-14
2.00133e-14
9.27233e-15
5.11406e-15
4.70951e-15
5.89953e-15
1.35732e-14
1.79231e-14
1.06166e-15
1.5172e-14
5.29744e-15
6.02746e-15
7.68013e-18
2.20518e-16
1.85075e-18
1.20013e-16
3.52277e-17
1.13426e-18
3.46231e-19
1.75664e-17
8.76791e-18
1.59745e-19
7.48659e-18
1.67909e-17
1.37854e-15
1.55353e-15
1.61768e-15
6.25931e-17
1.90138e-15
2.01811e-15
1.83604e-15
2.12313e-15
2.79669e-15
1.57004e-15
5.47397e-15
1.31572e-15
1.85545e-15
2.29643e-15
4.4366e-15
3.03005e-15
4.61249e-15
6.8985e-15
5.18918e-15
1.94857e-15
1.67305e-15
1.20843e-15
6.03842e-15
3.40328e-15
3.60863e-15
7.19934e-15
4.38352e-15
2.99579e-15
4.80785e-15
3.28469e-15
4.29566e-15
3.76005e-15
3.13857e-18
3.9929e-15
3.79514e-15
5.57374e-15
6.27833e-17
7.77012e-18
2.08736e-19
6.58315e-18
2.69879e-18
5.09388e-17
1.10033e-17
8.72645e-19
1.46648e-15
8.71713e-16
1.40611e-15
1.60635e-15
1.15288e-15
1.24091e-15
5.19796e-16
1.80068e-15
1.86202e-15
1.32823e-15
1.0916e-15
2.07143e-15
1.63107e-15
1.63597e-15
1.02304e-15
1.54875e-15
8.73382e-16
1.68958e-15
1.57524e-15
1.26452e-15
3.09503e-15
1.23518e-15
2.51213e-15
1.63401e-15
2.42453e-15
3.52002e-15
2.09928e-15
4.02959e-15
4.85828e-17
2.25587e-18
1.29931e-17
7.2632e-18
5.05676e-18
2.54816e-16
1.4637e-15
1.06633e-18
2.39016e-15
4.80421e-16
1.48705e-16
3.42119e-16
1.6976e-15
9.99502e-16
1.75585e-15
1.86243e-15
2.21709e-16
1.56418e-16
2.11684e-15
2.32509e-15
2.30103e-15
3.60607e-15
1.14115e-15
1.26518e-16
1.20972e-15
2.56735e-15
5.19077e-16
1.74447e-19
1.80775e-18
2.98192e-19
1.91772e-18
1.02298e-14
1.4e-19
7.37314e-15
1.81092e-14
8.32828e-16
2.02698e-16
6.09044e-15
5.81791e-15
1.1482e-14
4.85455e-14
1.56525e-14
1.04503e-17
1.14995e-15
3.69116e-16
1.41e-14
7.34993e-16
3.91479e-14
2.87427e-14
1.22488e-15
8.3168e-17
1.81319e-14
2.11504e-14
1.7895e-15
3.8159e-20
6.50812e-20
1.18166e-18
7.64032e-19
7.54056e-19
1.53994e-19
5.44173e-15
2.60931e-14
6.12888e-19
7.56732e-14
2.43208e-15
1.77498e-14
2.24297e-14
1.61595e-14
1.60298e-14
8.68581e-14
4.84043e-13
9.75773e-14
1.10105e-12
1.6153e-12
1.55032e-14
3.91142e-14
3.87576e-14
2.08653e-12
1.20961e-12
4.60476e-12
7.70403e-12
1.5145e-12
4.36623e-12
4.6865e-12
3.42191e-13
1.78222e-19
1.09955e-18
3.57753e-19
2.34785e-15
2.67189e-19
7.91918e-17
2.26521e-15
1.92079e-14
1.04219e-12
7.56016e-15
3.01903e-13
1.94158e-14
2.05134e-13
1.6173e-12
1.82816e-13
3.77309e-11
1.18405e-12
1.39138e-11
3.68588e-11
9.47137e-13
9.02444e-12
5.85488e-12
1.32337e-11
2.15965e-11
5.45249e-11
3.84825e-10
6.49429e-11
1.65532e-12
2.32743e-12
5.11525e-11
5.64585e-11
1.7583e-11
6.07152e-20
4.42903e-19
2.43387e-19
4.258e-14
4.80099e-13
9.72497e-12
5.8119e-14
1.04782e-12
4.4158e-11
1.50045e-10
8.46364e-12
2.07906e-12
2.82734e-11
1.80674e-11
2.70749e-11
2.60874e-10
8.17084e-11
1.32215e-10
1.46724e-10
4.21395e-11
2.30712e-10
5.61781e-11
4.11428e-11
2.40154e-11
2.18023e-10
8.70662e-11
2.62748e-11
2.48064e-15
2.74265e-14
1.33759e-16
4.25316e-15
1.49806e-13
7.93839e-13
5.01714e-12
4.38141e-15
1.75091e-13
3.23176e-13
4.98183e-13
1.93589e-11
2.69168e-11
3.46895e-12
1.15454e-10
8.84239e-13
7.51094e-12
1.31782e-11
2.13013e-11
2.15478e-10
1.16428e-10
6.66479e-11
5.49814e-11
1.54926e-11
4.45528e-11
3.90679e-11
5.08448e-11
4.31094e-11
2.06714e-11
4.48898e-19
7.40409e-19
7.11624e-15
1.86148e-14
1.64598e-14
1.13395e-15
2.71744e-14
1.20446e-13
6.94584e-13
3.44903e-14
1.86467e-12
4.04382e-14
1.11721e-13
1.10391e-13
6.90839e-13
1.49224e-11
1.8447e-11
1.57959e-12
1.44537e-11
5.99476e-13
2.18424e-12
1.14133e-12
2.95759e-11
5.91678e-11
1.07633e-11
2.55741e-11
7.73562e-12
2.42521e-12
3.83161e-12
1.56734e-12
5.96906e-12
5.49608e-12
1.53575e-11
3.10947e-12
1.51975e-12
3.61378e-19
2.22003e-15
2.12605e-14
2.79985e-14
4.27039e-19
1.07269e-15
2.34309e-15
2.09736e-15
6.85709e-14
3.70764e-13
7.46479e-15
6.1905e-13
6.99848e-15
1.35079e-14
4.66288e-15
2.54464e-13
5.15276e-12
3.18056e-13
1.56628e-12
4.36392e-14
5.11746e-14
2.60024e-15
2.88242e-12
3.26552e-12
2.32426e-12
2.00946e-12
3.26172e-13
6.141e-14
1.47041e-13
5.22009e-14
1.57149e-12
7.20677e-13
1.28186e-12
2.35327e-13
4.4935e-13
5.45426e-19
5.14507e-19
3.71591e-15
3.12919e-15
1.02207e-16
4.20482e-15
6.29687e-15
2.14636e-15
2.81789e-14
2.34562e-14
3.09041e-15
1.32193e-14
2.60692e-15
7.56626e-15
3.52589e-15
4.58275e-15
1.55724e-14
1.03493e-13
6.64128e-15
8.48067e-14
6.23591e-15
9.06111e-15
5.12616e-15
1.66107e-15
8.84758e-15
1.87041e-13
7.52947e-14
2.04972e-13
1.58063e-14
3.22988e-15
5.54649e-15
2.56624e-14
6.57668e-13
3.64519e-15
4.05608e-14
1.38964e-14
7.98447e-16
8.59076e-16
7.39996e-16
2.56758e-17
8.09711e-17
2.20395e-17
3.72654e-15
4.51566e-15
5.48621e-15
4.12515e-15
1.48368e-15
2.502e-15
6.85638e-15
4.03421e-15
7.10954e-15
2.89983e-14
5.6796e-15
9.12365e-15
7.58324e-15
6.3303e-15
1.63044e-14
8.51397e-15
2.95704e-14
3.19892e-14
1.17607e-14
1.05438e-14
1.0685e-14
9.48741e-15
1.23552e-14
2.89827e-15
3.45344e-14
6.89054e-15
9.17717e-15
8.86052e-15
5.39202e-15
1.18372e-14
2.28428e-14
1.02818e-15
1.82642e-14
3.82812e-15
1.27142e-14
2.93026e-16
8.38831e-15
1.39351e-15
4.01013e-15
2.64548e-16
3.29848e-15
2.38746e-15
8.59464e-15
4.33485e-17
3.64252e-15
1.56768e-15
2.14638e-15
9.62838e-15
1.47047e-14
7.50874e-15
1.56637e-14
2.65901e-15
2.3093e-15
1.03908e-15
4.81352e-15
1.33969e-14
8.68671e-15
1.72344e-14
1.22202e-14
6.64315e-15
3.27539e-15
2.89836e-15
5.83397e-15
1.21986e-14
6.24008e-15
1.35415e-14
9.05924e-15
6.14646e-15
6.63291e-15
8.46956e-15
6.52974e-15
6.73107e-15
1.31042e-16
1.35556e-14
3.72067e-15
6.78066e-15
4.03602e-16
1.27855e-16
1.85667e-16
4.2926e-17
1.48533e-17
2.11941e-17
8.48177e-18
9.76714e-16
3.06114e-15
4.07008e-15
8.98329e-16
4.18019e-16
1.25043e-15
2.87965e-15
5.605e-15
2.29552e-15
6.14509e-15
3.03489e-15
3.14059e-15
1.42444e-15
1.61455e-15
3.88361e-15
4.03073e-15
6.85333e-15
8.51165e-15
3.97348e-15
2.27542e-15
1.91159e-15
3.2768e-15
5.43343e-15
2.67333e-15
7.10272e-15
7.15522e-15
4.08382e-15
4.47311e-15
4.76066e-15
9.59986e-15
7.40515e-15
6.15106e-17
7.52742e-15
9.55572e-16
4.99094e-15
2.1282e-16
3.34721e-16
8.1028e-17
-1.21506e-19
-1.21506e-19
8.2414e-16
2.72359e-15
3.96078e-15
1.6647e-15
3.28144e-15
2.8166e-15
2.16076e-15
2.92498e-15
2.23345e-15
4.02441e-15
5.57003e-15
2.24013e-16
